distinct_id
92117129
138148536
143392503
120680091
110775120
139721248
145090501
146703379
52962409
88615961
113037489
138139749
148267695
128895343
140063026
117904213
136540205
131007723
26236492
129031582
83449342
80506400
123818736
130201547
105687461
131623841
144232037
137012204
92874701
142854628
142235436
119365149
23447118
125177045
142489218
77097821
26290441
118272665
113030424
143127412
11143656
122495686
137772164
130652164
79086245
120931505
131111681
110399810
142108220
140679013
114554351
123527458
74218535
58551763
112313726
144424952
74937813
131139638
143662830
20862242
132971695
122088259
101096891
144281293
140862480
136606166
27425541
128898504
81972613
149536265
54884518
39018852
134350799
116332754
117796523
113627851
15902946
138668783
13949922
145486990
134638956
143957783
118748892
120107100
122063894
39892526
122563077
117235518
135683454
144632984
34229739
114916924
116766676
110560710
79457700
70108526
59084743
138594300
144803387
148005807
114047477
81201440
146161260
83346668
68766875
112112791
115973766
148034666
126968173
66630239
128322741
111335644
123580377
138373639
17729683
116392085
123877327
144804122
106556801
122857533
133885210
71528626
53954383
148880766
114744106
145540847
126364256
122427851
124548274
117565181
147835351
138926225
57004893
111990334
112197182
105651695
125351375
112868931
113962962
108740754
133863125
125069897
122817841
115533211
137683374
123013009
126062563
94956885
143305101
118843739
121890739
130978542
133363297
112551241
133170842
110902218
127833342
137206404
118500657
34458410
136217080
129916434
102065089
146221321
116332104
123738862
113956323
15196527
71025156
129000830
134225271
111923368
60513097
131086056
115178664
122978892
149859359
147139153
10098750
123960691
148956409
149681122
124929919
130534981
10644156
148960844
92681386
124241805
136000063
132177159
149190509
133568629
145556095
135420048
148793945
118194548
149570183
43387480
124586314
148226077
130965801
144022520
130703081
111265979
120800214
45268719
148603278
103197970
139517581
125439537
147010272
134977130
145999963
142001817
119850766
50183140
72499856
94474008
113224870
142128456
126798579
40045268
61785692
113986311
117574042
126829544
139095458
122230655
124526966
135362658
125622353
115025248
126929665
123032843
55138019
121811911
110853925
127030682
50120125
143800666
134988518
121531632
109459516
115191395
120894364
128172408
146098718
112015409
72253903
14221896
147451064
148373153
71066498
30835161
142608872
119192969
99102265
41118499
55382606
110983904
141447579
110785998
134658389
137281209
125820923
146997644
60660324
110175618
131129155
107953478
117594527
124929392
123052803
145821953
129231488
121494385
119894672
110902209
53146942
21240478
122263912
113773122
117486406
130844176
142227552
148301636
35152848
127758024
116452057
132578060
114241414
33483229
118670229
39391942
129373136
65670359
71646296
134110376
134951656
125046219
123246469
116210849
81358244
146467074
125751083
127878043
75307860
115242047
114104412
18406180
37998302
113127900
115828057
110086951
118284998
148621303
131864019
146742529
26298790
121854563
113367030
138492979
142242903
125157627
125558200
74297441
17096682
121065729
96263444
131782085
118405319
139520522
144942583
121088169
127112080
32405896
119487645
74749599
37122180
123322949
112523322
142616105
142358935
144449709
129672915
129152921
111706265
125544372
43107278
98911402
67224923
134687398
111632334
126155386
110716944
142403838
115314953
121514262
144443359
117201273
119311053
142099127
115073794
52999738
80029668
123491940
146998766
146192639
132048489
74270821
116504957
116020887
146381342
26616259
122364100
122789404
111659016
135927817
130091960
122214679
124147656
35417273
79207067
117990377
132750776
128727086
111037249
123821194
148595117
136948188
25130511
52825820
125339000
130149216
130448165
119999136
119835344
133530770
123911959
65608052
99412067
33590733
114816669
117016449
133048099
122252357
134128488
134614618
22617477
144223178
110080809
74061070
116886711
124229329
122914149
34534423
135750600
85759891
147007898
144474642
124113318
126216188
147948609
115108149
137298969
113111011
59537114
119070410
120367909
72133133
21345383
142288706
134737092
141126684
111851043
131731526
110595581
111420606
128624416
93589890
129021128
125129529
128573283
132094488
63158073
64722060
145818940
112098360
147682067
124422191
146243146
148917112
55729361
146080307
140914290
127858412
123431222
142326700
104312003
113603504
61379801
124818270
127110460
119151157
145858783
56602996
37927145
146347016
58542317
115168938
142186477
81020573
13844574
127229185
122568649
104029007
144280624
138873378
140356966
118082670
136278106
141650759
128571170
142143579
140046593
134478857
124168258
139996140
146431613
148595432
124267017
95124653
77335035
116713369
20515131
139265563
101534994
131815806
113635781
118825789
62367288
119750488
114279643
148106489
113239330
106457382
134781925
111750471
114296383
136316199
130062396
122258993
63225702
135586744
81221101
125955360
145162373
111148321
105965003
133602032
138158754
135778540
116300052
114322952
149226431
145232981
122506019
121639476
134773275
144150792
117816011
86547675
94255333
128050725
127995033
131112401
146120848
118188999
107681589
52246028
104067285
133158206
128365167
129795486
141177305
28820847
148224639
139694233
119224369
56006459
113876147
47748555
109801440
116730110
27994755
111938682
133970790
149457801
118207216
135231584
134951026
148027866
124166351
110009612
115712111
136105095
73279772
54954378
62068174
129113996
147139607
146927852
44409485
104032210
135216172
142391441
129430083
148793503
126768568
90494809
141781090
31134179
134711919
137412631
112449673
117422238
112278304
83681015
125627742
143136340
116418301
138653719
147312592
67312761
141668010
139240116
129730258
119823909
74001203
57130714
115734649
146154254
147299030
28415873
82024646
140625413
137167295
129407618
124898302
41179293
137845857
146464305
29207133
118367073
132454914
148010775
83470291
126920194
134742846
44495406
17800435
131496081
94701079
139213162
74871052
110555673
146297673
149802023
148028874
139657820
67135155
125921775
133291047
137475143
85486567
117604864
111848867
126754331
133923382
112827174
126279147
116405965
136907975
122859617
129809074
122296122
91962968
126850637
113491324
74739176
148367023
93995699
130960644
65180814
62907655
137257180
134158904
134835171
57277843
126421572
120808982
121514346
121881490
145386661
142490589
18174771
71204839
105640273
89412828
56165000
129396228
143814011
29536542
146747762
140908834
129798851
50808539
126772811
121536852
61690528
132779839
114428467
125613484
49131481
112218525
135696011
108597782
99550735
81076428
125277543
122593645
34778949
73855386
143353927
115671228
140877302
123782634
142590366
133509398
51913552
52460834
148085369
111686955
131009398
130376960
128946595
144032895
114441988
136478445
40113257
121506284
139657260
123037446
145074347
110547755
59742636
125117820
133016216
128253013
123468856
112869848
112266923
123617917
121504202
117773842
26475318
78031505
142337072
127567560
133854183
123077953
111083756
143127944
128294008
116476480
116835519
142325107
122555115
135953145
130244847
123862412
143161544
119530642
122674468
131886410
136635158
141581288
147969816
147942335
142958846
139924150
136168269
126176261
16036986
115170267
131720182
113196866
127298065
132223976
133815186
125065455
116914918
120259359
137686228
111532385
90671291
144949796
114843617
142382593
135504183
126917438
130121143
137224389
118766723
88011787
124989511
145162561
122481703
120591495
139790315
138279294
147874654
19663271
125654373
129921159
125568575
111461847
133663886
136099505
110249458
41496295
109668861
117426218
117373202
118055161
43682434
101186342
120864904
143930173
58462925
15062452
126289893
79993616
143498964
128239932
138890340
114857527
89762434
149368338
62816671
118346040
118250923
125086078
118095981
141297802
112407760
123693700
136325958
62220578
135759031
10164066
115841904
110824172
117719163
130568822
137200921
128549900
133820134
135534589
116622915
89073183
131125765
79672900
147270178
136189086
132065869
133565174
148033362
122370517
89966915
32934782
129450827
112399803
132590150
148480995
98095319
114270255
124973357
87336326
66936683
111457674
112523046
79518881
119769450
140482790
112115240
110556884
106722098
129469632
90425757
134782350
91195124
20696679
111923221
141306392
137696601
137020301
86484964
139759281
142741804
146242956
134231253
18630748
117575030
145997074
149236550
114823923
130688376
36620198
92578119
146554694
128355375
145075767
38183860
118228708
143928270
114211286
107647729
111327426
119784656
50914924
127055147
113204820
83906662
142538777
112478041
143221226
124810235
120516789
31715797
121274386
141726996
129103455
112593309
124206487
126646555
138574308
138943021
138828118
120720268
135571713
95236388
139522423
129773544
82449311
63323590
141723843
128804651
111128650
146947296
121368043
94849487
145124437
143463077
11222445
142882533
139554700
148041990
140727425
106011160
149195027
32242166
130636771
84220536
137470640
143695233
125197457
143480007
118718128
134197536
144921503
75898879
81688617
137530516
139891482
122173692
130379496
133221986
52069908
125714124
112512479
133358707
149035704
128861310
115084172
53010130
109279547
115828619
95508276
149497177
146647559
149431419
110760231
139281620
148150123
144138595
130448656
141848826
126027925
84819857
115057426
117203890
12029611
120808873
118363542
26542711
124684477
127658334
146766987
127567343
114454490
119522420
113557510
122068228
141845930
138658939
60328299
115769941
139450124
142680928
127056424
141096666
141917530
122568604
131370984
129065175
92134897
149105410
95530096
32333743
94510310
135982665
126025690
123952645
118365187
131220762
116713418
134994490
149984280
129227884
12173831
147142175
121162836
132066795
137262438
53516571
40536857
122369289
138647409
125156795
126370727
35438545
62743172
124185507
61128845
114532885
116008430
118677172
125488787
148778827
147702150
138127927
141983512
15857670
119170352
41360428
121289245
61576428
129484093
143949045
72296444
128551468
114364914
143454911
113132833
147339859
136045167
142131664
121554594
136846760
21700331
130223362
137204457
52202971
126827712
121352705
61420527
120147295
119365859
124557931
133304849
132972477
116173521
145481485
143433267
102853712
116989108
124315934
142567127
140430218
138487700
131115066
125191317
130176581
119959666
130432622
58700910
149515040
137328402
22873017
62188116
128612095
122269163
122319687
139397634
129197862
28098009
130444989
143008751
147958711
120700639
132352560
125061687
147070979
128103881
77038504
24255562
133321902
131474254
147555479
145805819
97519325
128042115
127740046
110907514
134446417
113602957
136785320
79334677
136742575
127071565
113821518
75066802
57062122
101657969
118540473
132334283
144938028
95460487
134854765
124994729
128540615
128190863
148018331
76411238
121036249
127750752
135407923
111822672
125090616
36119571
131795446
24722965
147421433
140736095
108683276
105801829
121921767
146644277
38729784
45541866
111818174
93939772
129430076
128984625
137268178
43762459
103269875
15425092
71097338
112415571
135919969
26455676
128095836
139248400
11634587
78590935
131338725
135070264
115336463
33374063
144916288
123042043
77758443
112522281
134702104
32550530
56265757
18923768
139271440
46507719
117701375
82165921
124727903
49557622
137420554
27127057
139504504
76451739
123745407
135648501
129454874
68645698
100520629
144985213
83545550
147751675
127575831
112296657
135795293
145988891
116932613
116220862
116861942
120947571
116611242
147032378
124905306
86772832
130243532
102104743
138389927
119100941
94794190
128359180
121428288
129723496
123418031
131923332
119191755
125642374
111459837
145927616
129323762
132209036
136204977
86556772
133830252
121150419
114975127
148315252
142648169
137941119
140035685
149779689
119132250
126620066
146707070
123813880
122012615
130320583
131023418
123450012
126723545
128835428
144388982
126739964
29008750
49320750
114744161
27491267
141201478
134466420
127122185
142158983
144539287
125162940
146187670
29881020
72474818
108990361
111547230
110833504
131555081
12298542
132120448
95121499
118827932
74755244
123262971
126824921
45780279
126257915
109927388
145735879
105199451
122658669
127568809
68422715
114792050
22186522
129753432
129047356
131834787
20100727
120288353
124577214
132617586
131366483
148588257
103339211
126996383
134176578
115803484
104258025
135063699
130471809
112013637
137460088
121094372
36071361
128406902
143917686
122199006
115596800
55038011
118512115
60832076
117494415
134441750
119965389
140791245
122222728
140258358
114502623
14813471
68500573
145539954
17099411
129210480
119347919
71806111
12891245
144451336
104061427
82767201
72035122
135603320
122852648
128017123
110564003
134328515
146731617
113561464
140195591
114991490
127516139
137656237
110092648
101021764
129646151
137941061
132100083
148483551
126661162
149278326
55414998
116501374
77357037
119411772
131883339
59135619
124185547
135347950
132915770
42685581
99010808
27998591
120361756
138124382
141186450
128987175
146624386
86960499
136688265
124679920
148780290
90487691
126218036
28087862
44850310
108450004
115564466
129501767
141771742
15578705
27269750
43567782
128975332
19592825
100469700
117892248
140417386
140451081
147962668
136682828
111055967
121494350
131180242
128332445
114381180
116080980
117806621
121836558
135035763
124482770
62243363
140822100
13163251
113214603
110710199
116546384
78547669
127459826
145178656
123506022
140494876
119995307
16837008
112769712
118302237
110338628
118791301
119446730
132001880
144316669
118903710
122722632
67175296
135900971
79844436
113310027
59911410
126444693
144121342
146355886
135014801
128198561
122375002
79864175
65457862
113385167
37954274
136718101
24296545
143576792
109780313
125276251
149159250
79808865
146178558
98609430
121552647
114295220
137062788
140136094
112290753
140597639
78881362
16246242
86759238
129332277
143665101
147158860
138739958
144072893
131654795
21289949
90272074
123215060
18372852
136096885
140177009
148039549
120736773
126576855
111528369
140434634
73898339
28840742
146674213
137637076
82236698
133827742
121126105
133855033
116484964
111835611
136321765
64565257
96955583
118285020
140360541
114544750
147168510
123722522
138768259
120174805
33794492
113208149
39252869
119576745
119894751
76579167
109806214
121122730
112240775
89367576
114582635
115473780
113064389
111428505
119673802
131658364
77155242
117563147
120572533
148135416
117298976
92156901
72704649
137337571
133477594
128673434
105879212
120191414
62612074
140685897
142617831
36018947
146765880
143827560
136471590
19296439
28478427
50095148
22810932
132962874
58053962
39206073
141639398
123650256
102152539
122798829
127747404
37304358
146669416
81668825
131782088
123874845
119365884
125963836
142499979
128793264
116498554
65515041
31227763
82921154
92463444
45890954
52054434
138068653
135512580
44452317
142263895
19045404
110738339
103340107
129844073
131974527
142869151
133075235
46956396
147975781
135801196
130374755
63954547
126539544
145432786
133491105
36435552
126321999
112032696
115409830
65070279
136398304
132402906
134101318
85789143
112445021
135968509
21944099
10702233
136129769
64684413
80568729
122333942
117432336
45045710
124723932
125334087
111238215
146461886
31311597
120468762
45018442
65171866
75669380
142572196
142541949
146754882
135145217
29440713
121045337
136879161
127702475
128938816
121676764
98296038
122265370
16145106
87637894
125933512
136594168
135530571
114996904
141119376
139023992
85310920
136878001
72165536
143673079
112283698
58556158
125289431
144776854
142445774
124502093
91292610
148913714
146803923
146242108
145907346
143178466
145496080
131893217
110827778
117478267
128444161
147475827
124752243
148242162
147903457
142696379
133197627
145005586
123271610
146666396
136816004
29476775
113702193
142337383
117097570
144584803
112956262
41154558
65391988
123778282
64389825
40016813
112084605
116035910
134782330
120479605
113387948
131370521
125865921
115215355
146766039
133625174
123055025
145911511
121593703
135533433
146847564
137847843
46394048
137241117
125885574
133195360
140413900
119545452
60832247
127268876
134731513
112459128
129051313
124044783
131573587
71864379
142600900
41799906
99958171
25123360
124945336
118459429
85614607
49297640
114028689
143404745
140773996
14004073
147547976
145945902
113304576
136135468
115091414
122941547
140202408
131776302
143047650
126327999
138954295
126909969
12237771
38024879
57237137
14913360
127331871
123554812
120107278
105124004
141105780
24071083
131306729
103091132
139114920
27592422
124542236
136809196
96402161
148067816
96920832
142651127
134625874
83202677
124568738
112377852
45241103
84261146
135445717
140418903
131143562
108978056
134406434
148752046
142840069
124243090
102981601
24978893
115449694
128766833
53682099
77446497
137480861
147867271
62025009
148103480
10639727
28710020
112040918
136003508
107754502
121482626
96090771
126719803
125757396
120261536
111727251
116561360
118014814
137944216
148395510
79010394
14860742
144456298
142000469
16423856
119506745
149188627
115997724
145427907
146044464
113430267
131210645
111868203
123432766
128413251
42543236
111062922
105596303
97232256
22484146
129161964
141736089
116391834
133656175
134395558
121565558
129382632
118408245
122726418
114932843
101896192
99375137
114344583
120717856
134319108
112798228
137744588
134803163
84581986
140176559
131834796
110951920
134702590
146654434
117567709
37485067
52067061
131692962
110259478
124040366
114225674
118041932
115693000
96949123
140779268
34034480
45072277
129089104
129385448
53419627
132851214
119259668
123748315
51550272
146532083
90519499
143221445
24526924
23929065
139290560
145933730
132852541
132743778
130050843
147416596
74557635
143216160
148088224
121106109
144575475
143172649
117741379
109757956
130819108
125795799
109518590
130007625
142777262
119753224
146647646
116448656
113277990
119334104
134311340
115125941
143135792
122971459
140551783
124434423
61891547
130849754
115794061
136827206
37180841
114451236
117592774
111421656
11905883
80115196
130449415
141368319
134390157
25660828
130720906
18454735
127247073
133579489
148434207
84312701
147376265
99445222
86232281
139123755
145805655
110947743
132923098
108496247
122463983
123724985
20389762
137374982
114063674
93028935
121305565
130499113
130313941
52165153
125311861
147974226
136801074
84096892
62210071
145682733
126126025
26797823
138717515
132151121
116204835
31057798
113726300
118009791
149894102
137616946
136016791
138747624
140627633
148311052
122132726
128001938
141871642
110655388
116878678
37228275
124908215
129057021
123386307
124801028
147667744
23529536
133942490
134265397
94782495
100100212
143211839
134118704
68398368
130312140
120355882
142681859
137411910
141532628
142551115
28955572
136669288
126372584
131174525
139247068
95588188
134078806
113048568
129766191
127428239
138602216
130345896
80762547
128184285
129299293
145302688
113722221
138524853
126555992
126770937
112722850
117501611
23552953
135725707
115303583
129976313
118104670
142446690
36636156
130724470
105811070
114345588
110173330
125917929
112441995
135251783
45858923
123011131
142370465
93502269
103018217
123412219
135424214
114767881
83047300
119773978
129346674
149186353
110543837
125136553
132286515
115243356
127248936
111422551
126581175
139614437
140191342
80771668
148638413
123835330
122461709
117136392
146757678
148967317
129646704
129206002
113525154
142844173
137353516
53175293
134022393
137215467
140499249
114160970
147205136
127697659
110097225
137080359
85507162
92653807
117755078
86283477
135359528
126821832
115115689
10858884
135979644
124168371
127704039
41508790
130744548
140001342
14929123
127776259
58456909
122772167
75243523
136948798
137037812
88680662
137762508
145732465
147163310
124470575
114555382
139536699
131507628
145852507
48115150
146007756
122456602
112151916
129095583
146146834
122137825
113583086
140346586
143394327
116541507
60737364
22036521
82944952
116166511
147327406
119999703
123530761
126914004
138866427
12611517
123549839
54663933
148078960
146047064
119497893
124097213
72086243
127717049
75362585
50299141
129949113
129879655
138078880
126597477
102620818
149118235
117734324
125688208
128464882
13132185
73832601
139948771
144100594
130452577
146662972
111184445
119608072
72403513
146915366
134812757
119690815
36685543
129268747
76806999
64840134
87545071
118135482
123874822
113881720
130659085
145243589
46552163
117906756
127775564
32450535
133830125
39122961
82751994
136462395
143618476
133288735
116055601
124961944
140722164
32543957
126151718
42528815
112806003
16460457
129877298
143885390
126829872
145032982
144134601
116750675
139750448
66738601
130148809
148783171
121602846
121276442
119979080
129237444
114364334
138409033
112428231
117030660
139440337
136345449
146861469
27834248
133716718
51643433
110667029
123267469
123911611
43042116
108927404
18887718
134270848
119766017
124460761
73721985
46756900
141920625
111449817
111836478
38118384
115279042
74258437
111203577
146077175
143046226
120133802
130780483
117410881
136562922
123721252
135388525
145687308
112156720
147020208
116958724
145492258
149092320
115797507
111890673
111632365
97433441
121272291
149276977
121012822
133960548
145624490
144924740
141799452
91665162
42638629
38893603
140482725
114837502
42843256
50990118
22040947
83764590
24283780
128669782
118816520
129356080
145675665
140914259
20194065
127213389
18098727
19605525
121822145
128017708
118976963
89331411
141391929
118810889
114573989
144986908
84615765
130501973
55396219
146146800
123578865
123474621
82277631
112946245
111783287
142945180
52094141
13388921
116504980
23329325
142635371
17862059
29679037
136969239
54644830
149153192
112092636
114236387
133616667
49341188
136495623
27045855
114321965
130393590
139064440
138220201
103926859
115476610
19547205
18925754
133726031
119265309
52984118
138887500
121100418
120160236
118038302
143600052
126261928
127563915
27048691
55669628
123593342
136797122
130391970
145005576
139586523
147711481
143177398
117754897
116686489
123656957
85138041
110031192
110864715
109193411
132815796
130071538
90978662
110202222
143751147
104836558
136795698
13697594
144881101
137400386
116812798
27628362
134049116
130788668
116352637
115531457
139065363
134714901
126558845
132390674
131445747
112398000
21290764
124216477
116558832
43332076
135991326
133953472
107638251
125597279
144778143
149866971
141439707
133945851
142619110
114093801
100239098
140753974
98936151
22030087
140547228
144889259
136695744
132861922
113609043
94954599
14574682
123614967
105021545
117195476
147465079
125116875
118770640
116095050
125746914
148626454
73953296
30174393
135972689
117172528
41162284
70917031
136933411
69111599
112296760
38129959
55206135
146803507
141677663
97595541
146173385
73673875
111679165
123315403
143909030
137412069
118139540
89615910
123894606
144718013
121524131
139168826
83119478
148669492
113501067
97402132
137276406
115103530
24900653
118644335
15185451
114833417
138506460
118742814
142887197
133127341
41189015
147447692
121970382
143124660
120210689
42053430
77319797
104297330
129918602
145866506
125714819
137233437
112079076
97169082
133743902
137255553
101874108
120681617
111603931
114757296
55921521
142328643
108386282
81785503
145309942
119361475
126620038
94569916
130097162
113612641
116525500
134247842
130838476
58333705
139384051
112193103
121208782
105434010
144514476
127932437
110560849
132749863
24998032
32415976
111022144
77939901
148877463
30746164
50365792
131698701
130818797
133601493
148751193
114388692
44104371
117550313
117383267
87477226
130655176
143296907
139205947
74286861
146696868
111085309
53134325
123236268
144004588
118964756
148785550
120844852
131621566
74309783
135279440
133625465
111223358
129314382
70101346
120050880
74374726
128851546
130178734
127152754
114870040
142114130
145475559
146561008
142022006
48066294
102599283
134008585
114935781
28908395
113067949
120444046
110122879
142490084
123173206
112195827
30986297
85532206
113210380
114913029
62965207
124996710
72488741
110764897
121027106
114007850
136135147
49287512
112323881
121482644
38855453
126109385
119498256
143200967
113979358
136900131
141999681
144945122
126184050
27341364
116672893
123501192
145794650
118284913
118924517
123280320
102181065
44303849
146089290
72552932
119460329
132530296
125155689
120265874
119475676
137868258
126830463
146726465
145796446
134810373
135985792
130195676
128986588
134343358
120233622
130591940
147749918
35157139
129926783
134295311
127588622
72660452
111302937
138241014
140307317
113369203
114433112
79772218
128609308
11149796
134536112
128780623
22835576
114836676
26102148
116160637
140416935
133827301
142316578
143154339
112377858
132110042
128796912
145285824
101985101
104617253
146958421
69639541
110830391
145259169
102525729
97049553
122665702
131543089
122524413
122048690
120613797
74717335
19311317
120873770
127257441
113430205
121632702
34679476
128746830
120618244
134402744
135073404
88980963
143948275
125397782
143815550
14572253
34977576
97469555
137402974
139201896
79448775
133243316
113133706
146437600
134773272
148181437
114546587
140597190
92592313
147640692
130258682
136971101
135801110
145569851
121639832
124347685
149234674
81870671
139012165
122559121
142218176
140341270
136078770
117066226
35613039
119817810
124338518
117705652
125024795
149832098
131353995
125941726
147767916
139689398
131592646
145211171
132668223
140693202
27615340
148158153
119724991
128158586
116914233
116924077
126407904
147254953
140949540
137449888
142384832
131968146
139556157
143643264
51221863
123714334
119109796
145669437
147481980
55201088
120555847
141240330
111554158
147151230
117468691
28424507
106899427
121995319
93616144
24400925
122430864
101520259
141106361
127470775
143624008
143667324
119121678
135461857
128916787
143333648
135328136
121681547
143175555
116505788
136057578
94000547
139055190
141931056
149008422
52440780
120857528
149755904
124190523
136056391
14537491
136330658
109747575
119203369
120631878
124180535
82424157
115101462
143388052
143618167
118943157
119528962
149664033
144979062
113259849
100790183
140576570
96427855
84092949
147794528
141825404
70278369
38996933
148318423
112489924
146607746
126852109
141155649
73728203
140131811
146013149
117455418
74535733
69588668
147948414
120065680
21233311
94006446
132727613
138503426
142923254
133115510
105336507
140246775
133742734
112994108
124224453
127760930
140017291
132850538
112153517
131994816
121031644
138696540
136349884
148420095
112180893
139069341
58110590
138990953
125350838
96841432
115736870
121481141
138541227
120832801
141653049
68683739
133124810
110658872
61004263
143240796
139311560
118620710
143188083
149390988
118361906
121535643
37153114
124000894
148467400
119409358
127695325
121958347
88718741
121596415
144766518
72591947
116777168
148822734
110398836
117009758
110894233
145986847
36392038
120645822
112897511
92512148
124962127
133216701
137497199
145183734
119059821
106608214
114368315
114769796
116340843
144662947
118996912
101000376
88390898
141999786
26602501
122010880
63332928
118576222
113233406
114093937
144606818
17134126
145914565
61647588
138454168
22036423
112766363
149558292
142801998
124074544
121970324
72601897
118602337
14101561
35716789
129945339
54613676
126180174
75452229
96566658
133827720
143823860
38766742
125365140
128853106
121388369
67006229
140367693
124445116
130945716
85607030
126968269
125674231
144916497
107733120
132929156
132526002
122842011
134855915
145206995
130489761
145276689
129796390
138786468
17336634
149379043
142970234
128861739
110793298
61472505
120936875
117738969
124626403
134200342
122984312
132406694
97902834
113978445
14670599
149068393
119418968
146649413
149130501
82117069
81781012
149969786
124180308
146047855
136305225
125521573
111545271
149035851
136159693
143145475
38845735
142621594
121538948
131881311
135469163
11335719
113861586
131316719
114151308
27394911
128788444
122091214
128059939
119304824
18228567
136171326
114680221
132089306
133835984
139359186
67214807
148565361
80317712
124190573
127257429
97138689
130853487
35878431
112221800
111566185
148413100
130371445
67199563
128596689
119091118
125904948
37065917
115357474
132714479
64167607
91952429
53345260
134338494
110086540
116738433
112595732
114131743
133659429
143311673
135495393
143952726
148060946
129972776
143621811
117937106
132576748
43599147
137331401
117890155
33248576
145757048
148165589
141056794
102765007
128742748
147994031
59008401
145573866
115280617
60793493
59885514
54247053
116067668
110120873
115617146
113304673
140381311
74586006
147376251
109387040
136120494
45929028
143079284
113346060
142005225
51637506
136220947
127666508
119636528
139678994
149637518
47569843
148617880
111208090
55996365
144458567
52818626
123737979
118557218
111900597
119488793
87979434
125060352
145562621
144788495
47306286
135540731
85991413
31575050
144087443
138084261
112894947
145800516
136930419
148597407
134163757
88927706
142875057
129110575
117153957
104077035
126799113
127622029
114729997
132295762
63425236
124485298
51831762
122301867
133905736
149012691
137438576
148187028
118318678
133642782
144361387
123338857
143963540
149703591
121017817
124267976
136487780
115941913
123650397
148079741
142535703
116844899
117706746
131745176
139862673
72249391
128244862
127383637
130515996
126925909
127312047
114349023
114377834
122375097
125528353
95759005
137434956
120626434
115189260
127297864
112462893
115375520
86528359
129137425
140425124
134211809
128892994
90120167
145543694
139752039
114537844
117684759
116169740
137218159
75352888
149705421
143241476
133948004
133651451
135160134
129592990
124193336
106482852
134768601
136553659
84178200
127844421
71732091
134769269
96700976
122852931
131423650
37483679
111910485
25986101
148739503
145711491
89354052
68704213
116016869
121289593
125109887
34249861
143732953
127024384
119988616
36018651
96950136
47918122
115788538
119576661
118185815
67573179
126144776
75622392
51867522
120293521
121860717
111721927
124586090
127963564
118599515
16883532
140670555
69358301
105716369
30964855
131545277
110971057
80227148
15032117
131249551
16790101
130105027
31591071
138233174
118136866
26203032
89121268
124356487
134853978
110738234
76200118
139921768
146899986
69429055
44285463
139870639
139411480
124451339
114543325
117023120
110061189
132011059
147984450
132494114
130959398
129561703
71131579
138966813
75949893
137911516
118658884
139317051
141104080
60452026
144049972
141285775
121385543
88257081
119642712
71626463
139471567
111251845
146666338
111105270
147639532
137416767
49466918
26530864
130305564
123302955
21065357
117864134
138522373
145431992
134466758
137856969
108829108
141690418
113580964
148489456
116517444
129739849
118055995
136781220
111358104
56924521
123705288
118467081
16515163
22297608
137681329
142489221
149903657
122575627
122376539
122627141
147224513
116211674
143870278
116112526
117845506
117225110
149652982
140338905
139346361
121724055
123135282
54841783
110418522
74220201
111151601
135798238
123402087
67693356
141587699
115398994
73807241
79347225
144440701
149910584
112406239
115564671
99794652
110227308
50061851
65488599
118359324
96193068
138377254
133015193
147529762
63738132
111335105
11672755
110937158
139280838
131745773
142057948
82603163
79456343
121803574
77457100
119155780
58156122
121782623
140318699
65761398
93181400
143470788
148631347
111707889
140473332
126312428
41992509
110202555
103427520
126643875
126344977
106943698
144108964
62254265
146292445
149499154
144091989
67590973
129646135
146454258
49887863
94293010
123414841
138197570
123621343
119145692
143354875
139419113
130745584
114941495
118883172
33941823
41346815
112206456
134146087
87294568
141892195
31119435
140770677
139428788
63747099
75700464
138747681
144868007
59940395
81204662
121556155
128178207
140100928
127043540
114586356
127093997
122940677
128732677
134994214
34900033
118752622
129236641
124178380
144620814
145541831
109044040
147432665
121220015
130446124
121208073
103129245
144572606
29522055
137090964
16812735
135441276
130515935
135211317
18328962
135844686
112463662
126011835
124415817
49267851
114639117
108543737
119266725
110650924
146682563
101489376
139034984
149277970
144760523
120603454
114052753
141951492
93038998
116615569
132916392
143784394
113831727
126404304
104782031
124359252
55089761
123323025
145994045
105868940
137813249
139667694
136020422
133882642
128635448
63878337
117717793
97146256
140425151
115157371
17184050
118864960
27618726
113904926
134350324
22344706
130499135
126068828
98137741
124001804
103401749
118809519
73697455
137153196
62772111
147126726
118268664
134568000
18403485
135398043
112262334
101109671
149721922
84999756
111294434
126660217
136618186
83064941
18092354
142201427
74033741
23179540
137041178
144654982
113508312
29512180
131259842
140675192
117058839
140173444
134755190
134489849
138834686
140046449
123112434
114191969
111630776
42416397
128694495
14173685
50733672
118942762
124891940
110864719
147857950
56097373
135156766
149392108
114493141
111907660
72799994
121671772
133648462
33012215
21376714
17865516
119391261
124026416
31344024
147736652
143033379
137720245
149694718
142705261
148093633
123613018
137110477
112389982
148339653
94838295
143373333
142640555
115376393
91272588
148352980
137844319
126271539
149831155
139680139
131156685
99766590
142938109
117311258
90914708
76090738
142071792
122929743
141936955
110042416
134856794
130203111
112111030
111077844
122669942
123055832
133170979
125912597
134618844
110079156
29085181
42390219
134271909
142095435
134472584
140152149
115791877
44024631
132411068
134191838
135322349
136555172
149324164
113370782
114462356
133913554
118232459
93058416
144804797
119167415
110237981
129793820
128488865
146998175
20871754
121249222
134247818
113836024
87113871
74289026
126986135
62048639
147241250
73610006
32111996
138896251
141720345
149449626
51251985
135205699
149664501
113243456
120617088
102290681
128714395
54759134
140192052
62726688
149692900
148621261
118970422
137809960
118503845
71432263
135011948
147077905
98991621
131093220
118458889
110348601
115773523
141744648
121616691
142017309
114929070
60811769
119767577
119532016
93392974
11433889
123899740
144415791
133249466
118188998
131740368
80830356
146389364
141499736
73429271
116352544
115335480
65380606
140684784
148960536
111058940
119464055
83034602
135454824
111291079
138657186
130194425
134128510
89904139
117444938
115563713
136328022
87541316
87309974
57408247
30062381
149058580
28091395
74682514
116585728
117373197
112675930
118919678
60765318
141267257
115963219
138536577
138548436
134924503
21025945
123230052
123578888
114128106
135861153
135708136
81158223
147296772
137259307
31723975
149247642
144474624
127292636
114368220
102106957
125350751
125212266
121544281
114331519
139332612
17776027
117139564
112424772
113585266
89831968
22224843
120827654
124285236
120532166
92941394
133687544
112836896
112781884
112389868
65757621
146094767
120439058
58658938
130723430
128927163
123743527
120396007
112256297
116722314
117153342
143234263
149449694
147519971
134498033
133287454
105153620
143564965
128474892
145369886
125401613
115120410
122298886
112031675
58246412
84249464
82091575
110144316
53207419
112186485
44073405
112411823
42935960
132225876
142375510
112998696
146469420
129836179
147137696
122254743
114345731
64697476
33298999
129168377
121406735
32138675
147627181
116891969
119251138
129056823
132833136
113853798
144133957
76967369
56791661
136111280
127351512
23467716
127903577
125209170
80536899
149877919
137274761
117631008
125107922
126455020
133794871
36476095
114124876
128127341
120469851
135804013
123527483
136609884
141755290
118688028
96409200
34952459
141795405
125620696
126384131
146985136
113856614
114786002
147959432
117182914
80877201
114579443
125935180
124437641
111089099
142887150
94978832
71194060
110477812
141356381
144616866
144320262
145887386
138541295
114300417
120792417
129149781
31098746
144261130
136948183
63454967
129915775
121339571
110593971
141388626
149558057
134190798
99999053
19092577
136422940
138386732
133911123
133512474
144078603
116164818
128685765
125578394
145950509
115434548
146985171
147102783
136805099
14381114
102799391
132811559
120733790
144996455
148772521
140067349
87223048
20052699
125116889
89962114
149066774
114646830
136257018
118449555
99481756
136695705
73702778
145787092
147076848
139992301
140340541
130178998
130734506
67054033
141696324
81404060
113472790
141907132
140822941
139320363
118206805
143965890
139884964
122422051
111117984
132246683
91514361
19351682
130314056
113544945
120799741
12733327
148997523
145979647
137036761
28014675
137984657
29870286
27739821
142143566
117405923
141891491
94171446
13114065
115652085
149616384
106941529
64490223
147610055
138290270
96422854
137668226
146974231
117890153
148200913
112915732
129641501
113786050
51652408
44363511
113932397
140693263
133964165
137475989
67096428
120372410
123654305
143973056
135429170
147520810
147920336
124007577
45855412
126692473
77791050
122804674
112945767
147201281
134144069
74553302
110103336
126355408
144765403
114075868
137566790
126013684
136663346
118574314
121633090
145559158
121380740
116455976
16583819
121130728
117185904
115895903
134744466
111608849
119985808
142603752
123390404
125670893
51266666
138756429
82535932
54288414
132374901
114644120
115208624
140658569
146688913
124647142
136318230
17998984
127577546
119582454
114512489
135120257
140256331
121556132
86317119
128889631
110432061
121218396
118022565
129531485
147007934
119641708
123484308
120032601
127468027
85617512
144049089
83406963
140686886
129564774
100087498
19432672
139565367
122292301
126633529
131229318
138115113
71477419
110932821
146633578
124211051
59466449
88489112
117066198
120308944
136958812
125978834
148450476
133855212
143460989
144421271
149403151
131804492
136700981
116454130
113553930
88247188
121474257
133565352
148396201
133278172
17683390
128130017
123848584
54753055
135066790
89813646
113051423
100352727
111399957
116579016
120263791
129133423
144243710
110812121
38473577
121718999
142429465
145933760
80772198
130716295
112374171
111872533
85235163
71430823
10662249
105310304
33229034
134222568
119766499
123632371
125011300
115622481
15257487
114142256
123152921
21076448
47802214
132215069
110373216
63479546
116779620
39829977
143817988
87383852
141929735
117555413
116123190
147479550
111579018
13395330
131086021
121894628
126609774
108055134
113338520
122924805
144228399
121761029
133519603
106044867
24310902
143721560
112879334
144557045
128009368
149702931
110238458
149257223
127190369
90903201
141250803
124046001
67456565
123861022
39328423
94450281
126151860
12918115
147542017
121632506
132173097
19661250
140419143
148971761
137140704
125440261
111758295
115659597
140823416
105715224
17909452
143683561
145508343
65940364
79417138
141382839
116862411
118564459
124544614
56468152
110076581
140996863
56809580
124121847
84920124
130181084
94460255
136507710
120034051
128996597
117718457
114284469
86068841
136688287
142977603
146574324
80903468
113196892
144034257
57741277
116865104
129809460
133891579
79389535
46234276
129624109
103515817
128881414
27210353
143990296
129801607
80769487
116561387
149853014
120589366
128366775
142506168
92441417
110979625
51396847
131392943
126547031
83604738
115713824
121429585
97533102
147342007
23997045
110959449
122702865
146393568
133480428
130418552
145575400
125071622
141173507
32504044
124686671
126173882
104976244
148595300
120579519
115750636
88481207
135910985
117875516
120006362
147390497
147441430
147113900
125593131
126748839
126548611
71395022
38288465
138570790
147340027
124314021
119603726
100740839
11646076
93381795
19732226
139998910
142129021
67893409
113778959
125370855
139633990
121846606
137074972
53492569
121435782
101347367
119362303
146197087
125372140
70546030
110885605
118977123
141092563
118903707
69465132
123847575
143962356
119121447
121747784
125043404
82816874
110991094
139739136
65813031
144568435
120050999
148385677
136096892
131165776
110361318
120664315
111778091
123287645
129703759
123878038
110378841
143037139
138306244
115283351
136347796
20930042
121336080
131196787
72561486
119746235
133395389
119183792
134557330
12198897
116339759
144409339
49914182
135762780
139265525
46738819
105611764
91991197
137413933
105926298
116286417
28661963
139653088
137787366
49681166
142679967
71125406
111793090
110864553
97698463
23004591
140840149
27680209
17889130
100803532
118116249
132744732
105871175
133102791
138499102
123666699
92244185
128286030
110047924
127932299
111172964
126068040
104803828
141234830
142217244
115846632
117217850
131672574
120921261
136873277
125344842
135125019
25811611
109158536
117882712
27719944
148171690
36818783
126807671
135346262
145408175
128193927
131939692
28361251
131133962
125977120
130149746
36390799
148010702
131706500
119043656
42976990
53990246
110682009
53131134
122202446
137305874
130499199
49284746
137175070
127190929
135714697
139450066
129015252
78345847
132097571
102085389
110804912
128884067
131846534
141857440
146651293
106126048
143406311
24741226
18873412
118846851
128211496
149157771
147864290
119833698
121781564
72553477
145031051
122409632
45276580
115863051
115688865
141982050
149936285
38008406
141663171
140325740
141347199
125235526
134340369
47878393
135308552
138122948
12912649
143002181
113550497
134934354
137581671
63054777
142763021
111374794
111019984
132950475
131479499
117059888
118599567
33257964
132854452
121164237
130337187
119082984
140693535
148010935
11664730
69621862
10758040
137255379
134863838
136770390
135102938
119221848
28368359
124136291
114438736
108702149
144693457
115265763
11818921
20873664
140682502
130677093
94556519
131355783
123165798
57950174
123100448
144361399
29242455
122951030
57242074
125408708
149814283
117982591
82843343
141631092
129078161
124156010
68041907
128768476
118858624
54780282
131491245
99079034
68440027
54402926
119620577
135901673
137669259
138795366
147164370
73073447
71917692
128391638
139971179
115398378
147805667
111109866
127556203
105694341
127622076
144177495
66647090
136299657
138267260
110204471
28212815
147327824
86926426
49705590
119494569
143322229
69192718
132508830
116326483
114457717
104578142
112920647
113533949
143467643
123765704
137243674
134133921
121701367
143733929
146728135
72886926
114694274
43244142
137488808
136007723
138342505
44820749
149390976
73632027
120321240
41004979
132207599
147184271
67527061
141945523
98756012
112943363
126701786
136637755
122973693
141595337
112738963
126575633
138425372
111223075
149498559
118052491
131865478
123666265
112366703
113182369
136915967
30841766
138808426
44941650
62467465
69141837
39590929
142171560
113010994
136773700
138758670
131848923
139519764
148945795
130468648
126902315
138629291
124562677
125601170
135313680
25952339
140076824
137154648
118369088
125598694
113606427
143981312
127149118
49491474
134995673
120232569
141173303
141338911
124206596
112965690
149199563
135067939
126276979
67320392
85630100
40003298
117594515
125383251
147157161
31597426
133783492
120789094
110775562
123593207
124513835
112020476
132408383
33790551
131904264
120726843
114435498
147516964
130804684
120662149
100804076
118216033
134963026
125027370
116134714
123242772
32534357
47122334
129064713
144436400
137005342
133905199
133986973
146016808
59163741
137697380
119906072
119310349
120453484
143075423
149079920
46756475
103753201
124561400
131105950
80940656
118582275
148431999
121138688
129180731
95256770
149255165
117609870
137963667
118733666
116649601
139133461
87857605
144776855
130189630
132102362
123172064
143800654
120824432
86846963
139926832
133009978
143948033
91114774
133292751
119551962
55931915
93547884
122159709
79810887
123890390
110674244
134312517
125711856
131679474
119429001
119491008
107042516
134279312
124734906
125426362
133482327
84559203
114837356
30695838
129938320
111501077
119783552
127150114
30543686
118644397
122793806
85868407
67494824
125753841
141027328
142720308
104050871
126828087
23774789
137627709
115973472
142689668
118517321
132344362
129989613
87279986
74445925
138241030
23034664
146411189
121123111
130169124
129522102
139908736
115932496
13398474
116551627
122689381
60181147
114073637
147122730
126571990
36882146
136742525
120541171
147945005
148061037
50497868
139713228
128515625
113585229
133862659
138656813
21328877
23136711
127663507
112267488
25725973
123695004
112456718
134168811
118383278
119145832
118016237
138608145
132163443
132759663
34828215
140888179
127932246
110022367
62033312
148126351
12973151
131684753
134746106
122475273
121717712
112511070
120035269
134166783
146789912
108110738
133567751
93801497
148241203
112620199
125620677
149757070
140554514
123234108
52996997
135729495
13713251
128668282
129180664
145120489
56523033
122711320
115366008
24079091
146482286
128676397
139649023
20928728
111045079
111430212
122300370
78689973
131021780
129222573
71282010
125424770
105819254
130555689
83248182
143623776
94537730
147952928
23391468
128339398
116531356
75242594
135804092
27386197
117020028
86952158
141276700
143011455
123531206
113622466
132195193
129876906
142866662
121498986
132704276
125138793
132532705
27720666
34038775
118776996
147944192
141085247
19429671
142625155
91618642
14838090
116074489
137513272
92367487
136016477
101563880
148685152
15733267
41471466
146510767
21204918
18193670
127468042
31384220
21181511
145162915
115478804
138033149
127738534
145178260
101383000
130208355
114345121
75664713
123174238
134429982
79623196
39068276
138716563
127939306
129105947
114541866
118499768
126853693
123789928
133504376
110175537
128847890
127310530
116532666
137511305
127158981
110461523
145139728
113260035
141893760
147093791
85234383
130111955
131653208
45823996
111621379
113561471
147331577
44483692
58313963
119778624
133993318
144025909
108269830
148784659
121448388
115718534
137006734
59821273
131706553
127060214
46140249
133532786
149984464
142682597
141230662
140949249
112088025
145526147
146405342
130765832
59714888
132390644
138711978
138081167
117971964
131385223
135318620
121511182
137480423
118813897
73526940
53709607
47213450
90077743
99956691
137798504
148937144
141370834
103334438
142369945
138887660
116544019
125440561
68187372
12771247
28189371
22653682
148984672
35630461
94877166
136698518
131223025
115411958
133779504
106112541
131397165
114854086
122606369
126460081
143066710
141029673
118474017
73498937
122022312
136688264
110718864
87498953
133098497
147959478
129630417
88885909
143013923
137912366
71377112
131075502
147377868
104731247
112918213
144877153
40014757
40509048
139045617
111980545
113005080
130199525
125251738
121855721
113031941
125517922
110309157
27761444
140821189
149884606
38367554
149904349
57587223
67004777
141049405
129825583
144023678
35694596
115029564
113523286
103424916
43826290
118878639
145632573
73551783
111223743
125694492
143872956
135989785
123340448
138093348
18635000
117082390
119287023
117205849
103457194
111339613
126622002
136434389
78719486
139139306
139066851
98834469
38075841
142658530
112660671
116957654
116204856
103601592
138671466
121866471
50189944
91355128
132775413
142287058
97919469
146259683
116183292
111227331
119496524
140989840
145230059
121497393
35738109
145312302
64334277
126547065
126651653
133926680
138558481
42588541
139810399
120572362
138263658
131757126
139400559
121865929
117359923
115686225
143661927
63770927
112391002
131331375
34498027
120938469
30250439
141805854
127253257
126623416
117377550
136955507
115167720
75838548
102212787
75512009
137326248
137398030
59668791
126931828
79701741
125906375
149477125
140792802
149146012
135240573
136841643
121031622
71876290
143837280
103952015
141435850
142941676
25998180
124145811
148381776
126794360
102536383
112106424
118476908
123081129
43286682
139992745
78279241
132583522
86664926
118317746
140534556
147311649
121707880
146529130
116318792
124572135
125752565
131516752
89855572
136478972
148751183
141769046
35452336
118605746
138288085
120026027
116710592
125839862
140227146
146572943
141311984
85806272
117748515
148367317
137475133
127327569
122895586
145841548
139829910
45628132
148800097
60749823
56310730
147681513
147531239
95289913
122853706
118844485
131290323
22622128
146015925
115731966
38290395
112065695
145005530
14477751
38987333
117210426
125029292
117982870
145478783
135653908
31158699
44642792
118213280
137247928
55340123
114409245
148434888
17327516
126617090
130142958
116230425
42166235
111151612
129478722
130248504
129688285
122901542
141782182
141585207
140495375
54421776
106760234
127484076
114462351
138627113
124471070
36730283
43572726
123224640
61947401
137648589
11095794
128616599
98704301
146701629
129705795
132194365
96922693
124846995
130511985
131676256
60479111
126816378
142420860
138303678
32956358
138322641
113146100
132606603
118512787
135726228
75415641
45782931
121274675
124265110
120346408
125208456
147917614
146357951
145068553
126760770
116994738
141368344
149150869
120162741
137416025
48552215
148531808
82005838
132666494
17089848
42872465
71585875
118876679
128780168
120681684
116077623
137815846
145613485
145214537
112511272
41853102
117760178
121245988
129592950
114373473
14211885
31556233
46200462
93290730
42529043
129082450
35204653
136345953
148356999
82329866
57136882
130096737
149126588
114826618
131264318
121444847
122962523
37401308
120293451
65682949
116437681
127556162
115562509
136980573
130043772
141423340
59344090
145587445
126741032
147841220
123279176
129528390
146053326
70830453
132125723
120127498
109774762
118482730
40533676
39324301
115955697
134523795
105002217
119954180
141834720
16498139
46259483
138367233
120510887
128026934
124551081
129555768
10653515
146777233
128887724
142488392
34920855
129855236
144415919
133883848
117903194
117613451
116304132
129892062
142963309
145895512
88130542
123382568
131392129
134931002
120962270
137464457
112511085
136737001
127889594
76832722
138952078
128599948
129107483
88373959
83799482
127705485
133765087
121584436
133929634
91717112
110510152
20611198
110766530
132835425
128668367
145418790
25347679
18200935
137419367
47094144
84438076
126312351
122045631
135456190
110155713
110433661
13183151
116193904
121731137
56996438
122058669
148161131
123990050
140968333
139220352
117552284
110020094
143925858
115452435
124570805
130019980
113871012
114296760
142977065
137571328
54854373
137369814
141213046
95726587
113949103
124090338
146574385
117422657
132610776
117812038
130903332
149192469
67247991
110143584
109702502
144984324
22307481
113618870
126455321
92988178
137834743
37389685
122501435
110720284
129970110
34169729
133402501
133281088
111787485
125855505
112424717
126619910
135523958
117941620
132940802
92415532
111509858
146217957
129151895
114913970
119858696
116077592
139629877
148199823
140199603
81241654
111490720
131952409
131607799
49198567
140727409
110322675
112968834
131791064
88684298
130999966
140600455
44747956
36469785
119464900
147192016
113654859
144060366
137179174
148773480
125915594
124003215
149262653
16471565
21612493
122410640
80666311
83643471
149414247
127247069
142384590
118447373
131350686
111301699
146941488
53988872
125908279
142889551
74918706
27683480
111092461
109389479
121942298
114828571
138627210
49616804
39998957
71653518
134953505
134972438
135471622
109605830
147149437
139775276
115421744
117355424
136603412
110677592
115821270
28321755
134518711
83565465
117893170
12948479
68259364
136193806
131791032
116309148
141295302
133714089
147496685
130303863
114135627
111893864
146159240
111565049
32399250
134820844
97765269
128689886
141410717
110988143
129331893
140347589
147072840
112122383
134978361
123307316
140616708
111408438
123857173
138795350
91869710
129909379
132838268
138234449
116491677
118434259
124309938
145652470
146529213
117031425
131782355
143045462
75149532
68671900
131653245
121648939
108451224
144688128
59780379
60200673
109698930
69597623
149435583
115314399
146717141
142544109
139701845
113904068
119586015
144395452
148570819
139752728
132284449
111607469
131974049
34976251
26066963
130782271
115469412
125242273
124884262
136325383
106407286
132904537
145696902
130148039
122942848
120647166
124017968
148852428
148500565
145129816
122214650
142669183
146918719
28777180
145957733
110693279
139664870
148457705
47313449
94508004
131215229
135391478
112666872
115702740
116848827
124837918
112005433
135602168
146735447
38021317
74194647
114124560
137642273
37278668
143556579
58650720
134421399
128814702
132462971
72166663
124794085
130457384
118884300
115624843
127544032
128339490
148391609
95289287
149665248
72819287
119531636
90061035
53457445
128650380
130235839
129842116
118421549
142278507
70270775
116786776
24861481
117817417
141701690
126464840
146581911
123100405
145384763
137531736
138274780
128066303
149146201
111301646
47074430
144562284
130980718
25210829
89905771
29348952
138710660
129571530
118733493
146550009
129936515
112064568
127423248
124452351
92145533
59335070
140019779
115180313
121519372
144938241
130344640
112632002
112393429
147913605
128552055
119623814
127950732
79090510
31554208
95183574
148093662
21099103
80054230
141913601
140623068
27262956
90004194
122061915
132247901
139926552
130013443
141676756
122817163
110419791
24355775
112774162
128958640
125092548
138592073
106186956
37587506
113946613
102094109
117064766
18965859
124855691
115248681
82267842
18614205
128921090
142210180
117178226
148413331
124539268
127734926
124616558
138446414
133649399
136328443
134565066
116790579
110649724
124570800
113204803
143255022
116971358
36337300
149381836
96672663
70678383
81537273
146516975
67709701
124125268
117310025
59995176
59232000
120035147
142343926
127063580
78639385
130380831
16100872
110144094
139044105
110377118
114714663
72294899
130754945
124878115
147185425
110138015
149521774
125746603
131759424
118550191
135932692
76359666
39625462
87186850
118509137
22281899
131357663
125885428
128900915
101553409
139530799
140902294
117134054
123625972
142092928
147612066
117690330
133058966
90105218
119614446
110919376
105875618
126258542
137013530
145819712
137205854
133414204
131824603
128357704
129729628
136389253
117138158
118230445
45292291
115132708
134379005
130218039
148550636
139113558
143122784
132292980
112590289
111151603
147816644
120141299
105123729
146766243
128524995
123721268
98845206
135096346
115653548
125308258
35637757
149418410
113887933
120474543
89493424
130905228
63890292
145803197
41832626
116356212
117846329
47954250
135324977
110933584
111631706
131379908
128974042
112679076
33260915
12569398
111583091
131657227
128552017
137212057
145382838
119142487
118399761
89657251
115446528
148896731
118791392
112854434
121330376
55708863
146792861
144193333
80206690
126415832
140172043
119789133
21196697
112577973
93617109
63901812
25872879
118735892
142159272
131794071
147259634
60596027
135565264
13242680
138270336
128705443
86322953
145613081
134740663
114244018
143890094
144644655
94408422
111690974
72412469
146482268
112809148
119461394
124262294
119427498
100193269
123711614
136295068
61723995
20622931
112295404
134179953
128092603
140580069
119960422
137945670
60264223
116277709
36189869
88258334
128803195
114226563
75484017
145590152
137293254
136538506
131589234
146548634
57159853
143515115
114677445
31132109
53093646
129119498
112105360
131578122
117521979
140053572
147417973
112188363
118377021
23933625
144407882
144094060
141288661
145444001
125410089
101024613
138040004
73021152
135359373
129652233
140266385
134252033
89596809
132333267
139391222
125927955
126168441
148109390
136322054
121654029
16120912
66451125
117253881
115449640
58747746
128975307
125155571
149994034
83343877
145417133
104006640
117040664
117487424
134344256
139089659
138506779
135523452
110759902
43059397
134553638
137262497
97164509
136380237
140000440
100075939
130641635
124358274
81822939
127986267
142882843
149504045
18948228
68257944
93330358
15099452
100881224
138623653
121536387
147734000
51592951
123487786
103106845
120655994
130229231
81326240
18375648
35593517
12339319
123158876
144122237
124844752
136025576
118531645
149757582
68611127
100711491
124990377
104053806
113957304
127186155
111450263
137091186
128882321
128596283
120557866
118769563
145281182
126794492
86816746
121998532
129128599
63186970
126666503
102537211
120813906
120089519
127012941
110149661
115364369
116430092
26363513
122499426
136129719
116953425
46330231
134849494
119052042
146399130
28124147
122754017
137903142
117858579
121715824
111892406
111725414
115110829
110066776
122496504
22609885
40065808
128348693
71867383
12867927
123700800
118993854
123927796
138078084
109089783
143196504
149246421
145283227
31408642
133799221
138673719
122398511
146219118
135989738
148270467
146980952
133405921
140638476
118139201
143013540
22188791
49440730
132074313
