distinct_id
84462008
22468366
26242186
50467971
143811492
104346921
148699506
41752211
14188865
62471836
67531262
132797084
24632113
42618139
137822216
61691695
34752580
63525869
20555584
55545064
31670431
21435074
68109725
32812526
83345309
29544948
45824430
32237638
57729541
43297653
79080229
39915447
137197218
80623162
44730039
51314222
25001769
32082810
32559252
67137679
103207225
51416928
144245241
31711257
126462013
37365031
99342009
91050992
70145276
53529416
83044689
88546364
124674061
59126114
