distinct_id
101861036
101577259
75083261
76807085
74521053
139719072
50470589
26358990
14354141
122884404
75128721
76257899
147523835
49478419
39540180
36086495
79488150
48200048
25731862
102509895
109082903
99468808
126383374
81008627
147900044
68308503
89181752
96159688
69558732
83590852
56906778
45796586
56382045
56951983
60780819
142451795
17423759
137506269
29683408
20932386
15564756
52958179
84525182
80143498
129468241
68841480
76485165
107691106
78394607
70734741
144661400
34270309
126846890
63429495
54895999
121998208
98215842
77826953
60114411
26810772
114665696
51091796
84463509
78755203
39606449
116779502
24330835
71111081
36917615
131127623
80303179
72760924
91148025
122984776
16976635
101355318
75296038
60102094
69999371
20409474
133600433
126621612
74523873
44052065
58689640
10804530
20588707
79231967
145467889
62375794
127652690
53653549
89791146
67793086
80166235
56473446
36252319
91940545
65545216
88420439
82797956
32525617
54729842
75407968
67886152
68539292
141384133
26676694
144615063
51121477
98338731
91390163
72579000
25851120
95040296
36665869
45745461
86109668
27617269
97369753
129361066
25086009
120825542
114782861
89636059
65919948
120785068
53659659
78957851
140342725
94584271
69268721
97985875
36438760
73850700
50638646
27596241
110148071
58008608
61505187
140401628
14926160
90325748
47531806
33668538
76845364
145941258
40829251
56710840
22743243
55341592
19769452
31638784
71431091
29846621
132787007
102176660
43243815
144727214
20870488
83023154
128579886
43261126
85381086
95252101
138255753
130578065
49212747
137454011
83221047
52090860
98763680
130315814
62924751
81657584
140924717
82894770
51877541
38499158
45176503
37521353
79434066
50510297
11947365
67166045
45610589
21723311
75046460
73994296
33213567
127445588
148303772
65806317
11430297
57439546
129184057
44120170
26573430
47224550
10046571
129663709
90807144
33986800
96566349
48156819
147004282
17539074
72005714
136599617
52929494
30262102
67915362
115823092
79323102
53227050
20143385
54300027
90392315
100080927
92320105
25691585
109022812
38337713
130268210
11095208
113128193
103726557
100317006
133786465
29378193
56347329
121613840
24198541
129020355
85952806
23177436
46250085
45264943
77525556
35904983
10943456
20671256
49445787
14798518
120834015
149332171
36581624
149224518
96495244
81892210
12526323
132286931
81473121
143750868
89791084
110086021
68331272
16766605
144292985
28736122
118855583
122527396
99250074
69242143
56692097
118301135
17645885
28298344
70636956
57815553
62724217
79252265
37910447
34913170
76651656
101264617
21406932
63916587
129091999
13971417
96775260
110948867
14067788
25180050
33166393
80505666
36474473
85851178
116592350
64543828
28673926
119427350
32681396
11029812
10414549
45267270
94778968
39874870
136876841
86497710
86565608
46283030
29093780
109488944
84158209
100963030
82172319
148576258
29041357
113357333
128255299
93719158
84016451
131669340
60320617
49673662
82621246
15420526
90751750
96869300
132159004
27294246
144932237
76189914
83182170
80914192
15292466
14101559
42139903
56623213
23071132
23655243
139853119
90256001
92428350
44864890
107286440
98004062
121207053
41466822
103307341
91677290
52014381
74541265
101633852
78578857
66000865
15424246
84570614
27821109
74232264
122109190
25757919
20937561
40131920
11782995
103486705
92962461
18489260
120013675
90496540
47758831
45728126
10088753
73686962
86749382
41030705
24613637
67560593
79389636
125248060
19281721
56205130
92574632
50046727
66993935
56068199
146596930
26319941
15250395
131663668
101016871
97426118
106707984
26160702
33766977
27528094
30120961
127845621
41603503
86355768
95518425
63895291
41443585
55062401
110196669
96254679
32548097
45408595
78047131
115114001
123909505
34059216
89099375
92272122
140708573
126097543
138447387
37193850
35994213
19154027
77030211
25316749
46989656
78281206
40342473
22267510
92661239
147555477
11656725
142613183
19605026
24591686
113521707
25871102
75226730
125321030
88319133
59247293
114537070
62534622
26315260
64265229
70139792
136726811
116886012
59821410
92662411
83691881
74584484
72275727
130475182
70549540
72987204
38150558
41175014
80691421
46339017
86344863
23294609
45951312
126585096
84372103
28004475
39690995
18210146
77811306
18860804
59279883
16336916
109900905
122788443
43484339
65285575
35406873
102404253
149694744
10124515
106584933
10492748
36659195
131187292
71321311
10587940
24521800
27822526
143692062
123694130
44297678
128809197
42807693
125913460
62990470
105061310
137085269
123210540
57967148
84635135
147416930
106576810
75289812
12148162
34180047
46510475
88380714
75670579
77241170
69568063
23730887
83088623
32814096
94156868
40871604
125580022
149251484
85869652
98216178
37732000
78445094
89437772
14184314
86521656
74072206
46454390
78539044
45606316
94304326
52407461
82875282
79492459
119512252
66588752
141263179
92636736
75830396
45204803
65239985
46733523
141497149
87783282
71685332
20676513
85270678
115531316
134100346
147159254
81681868
69822141
44371463
141813514
124590475
92381475
79855468
97488447
77181687
57421904
143467725
47733894
15527420
117166322
88964870
27517927
96063548
116647309
96484954
42313204
70307403
127635244
18662854
10671095
119642215
46254298
78231747
76750125
77528507
58756514
22436707
98925206
78065534
76694304
62617937
13918961
88630009
148434004
92277068
82716855
66707830
37422044
101663694
95785550
135230542
38564551
45990929
12596702
26024371
97297569
21233540
118029107
86284904
73053295
117302409
139994449
10075951
12903012
122221303
70900508
17992296
93937590
142711328
106509918
55315825
21433422
47079875
104199551
23339202
20797389
139332161
49039048
147954484
58377533
149577894
40583748
131681951
83440140
97785857
112916789
89131608
88428259
18176532
18032629
89899581
38109793
38610448
149546752
100716190
35450395
87357820
117795877
67175410
47452743
141950734
82734505
60313545
116021246
105498563
61957185
11320828
41247375
23228835
29022314
39922667
130777371
138300320
84698635
46876274
141140680
11460042
83289650
73317865
79310297
118359466
72991837
49856887
64374137
49542395
132354622
141084269
20712773
93065585
