distinct_id
111038254
114875741
29812384
110669050
131853797
149525320
137993702
141717317
114509997
129730246
121073605
140304673
141244163
146743013
104526746
113524380
127136898
117648303
111243836
145800037
119313814
149521174
38311830
114602846
92859538
111909357
111748127
117943193
113523785
141628124
148751036
149253825
136051945
139984120
146562206
130731026
134840748
141235717
112367821
27454262
122731224
137894683
74859542
141838772
129152208
122225263
115170256
125925114
147732701
134816593
25738951
42663161
128609116
149826130
121492472
123249611
121853135
108543795
123269957
139780982
118029632
130512182
121232903
24502810
119207104
121559781
133717377
123668340
141289485
141827918
85665964
138457467
32801261
120238847
124589199
147222402
139490442
119240534
121872123
113534480
127042040
112346908
127367331
136600163
16307409
133156809
143904000
112453128
119670535
141590771
33903965
125697826
112891731
82730397
22254728
40921117
14115803
115892985
115283520
112131701
136984325
146906184
125016625
119083294
114125781
120126266
114441609
135589081
43297377
69353165
112885966
144047263
141922563
121634571
127862953
113234270
148771717
128613108
131875640
133257535
147565542
135355214
139658550
135083060
78847713
120011156
143705149
79775417
37516140
109318063
131381646
138909335
134176015
126469161
135233256
142888236
116386099
134125541
111153136
82144773
114124616
122726675
116029071
147702194
123610913
100537656
148326094
111924106
124263314
114715178
125618904
148283611
139473027
116008067
141315542
113591771
141030238
78549228
142706226
113335247
115265789
91829636
137125238
139759318
97823808
137004442
137492933
121326464
126446095
134972588
119059487
146941634
149773530
91665305
128171106
116900946
132592926
147840245
122519392
130321476
136161178
128299791
139513938
113814140
122191125
144010294
10085883
83106509
138011548
137779501
128039023
113700955
126902226
117217740
114270510
115985683
125522424
139830845
139525277
139325808
51601617
90420335
131044237
122373074
145157625
112648529
147370194
123216570
13383302
110194139
119099229
135406017
46390813
144243283
133915398
137385676
139764776
134972690
134776281
127055351
79231275
110795305
25251228
121774206
111828399
132088068
148217899
118468567
140153394
126251754
116068008
107984132
133023477
82627762
120212684
134834150
117568415
122357339
119931565
131372235
138120007
112068572
122032558
75746507
147006593
148664583
125010787
149269282
149816365
133190191
135868730
125222474
113595157
133515960
128001966
114139562
130230135
111722509
148042214
143801523
115774419
142962540
138872984
148560017
135527509
138966108
127340835
141882598
135430693
110042343
134594837
132179174
124740190
90883370
137181170
127985650
137132890
147893423
131199165
90490787
104152012
127300228
124929029
136944658
142906567
98756137
147531094
59411240
130077706
141588452
114241709
115242079
143879703
136949447
130303865
120116175
111813042
149086668
106659608
132990039
143348403
114674024
139960823
113000815
133166748
139755507
113434104
24051627
68961916
124997901
149084288
135386385
112992125
111897404
142439805
118196771
127941983
50567616
127862619
119321709
78134689
121708591
132241634
125674825
126611467
138524248
148056958
111169556
121968219
136949764
116964259
118200858
121924151
131225752
129761791
126870305
100925750
127768337
110550658
115517093
143908734
134838943
116014629
132160961
141543054
134361151
148520200
140498391
49364598
126555841
129619709
145798847
124921948
24890552
142149330
124743180
30449568
143013552
84578567
123723336
136391608
129832716
132391141
65250859
114445644
127808863
135012582
127440324
116277289
144454499
149658724
99072426
124922326
31671604
134133456
148141843
122349456
117229676
138389506
113604477
138635283
129864667
138200601
119601083
93982030
113564250
134287277
118631737
138083917
119600558
134184351
133986842
127854883
122342310
144292053
119148351
147533258
129203780
148144708
123700181
126993444
130475001
123143475
126153518
129756681
122540116
74219404
104152484
121169134
134675277
123470104
137241158
140138872
115128038
134324758
138857134
143309357
144502654
126929400
112169242
140502938
147419924
111066142
31531219
127294949
137794478
113819825
135975172
119225591
128662491
125740570
124102195
114236385
116899642
120183888
88488065
133669262
138710917
139670527
148396768
146844182
114877192
70294380
111414967
121971354
143050237
137687093
112710458
125581194
140034456
142654421
134274475
38732605
111718458
121933708
149827322
143227043
131961552
114579476
125488224
148551891
110552437
123709337
121498731
135043710
29051498
146759268
120414978
132308108
139537622
132276119
113251387
119417509
143761387
60830795
117010104
124895895
97477775
58651876
38328778
146469067
145177883
148229335
27734353
128168667
116958179
140869563
146572803
148455810
112567364
42026055
131794049
136023433
120917826
136773529
145111002
143957352
116758617
111641324
87175543
25594537
147843340
149344077
128761069
142625899
130546758
136036702
124697676
53464825
132202140
134565036
137087727
137147235
69596432
123240166
128806709
148810636
114643238
147011211
105415877
110601788
110013805
121671310
124898345
89910740
135366286
148965298
139748252
145658668
114718038
145643926
43069229
113831400
110931501
110151439
99669536
128487943
128071751
124984413
126121787
138244235
117295556
123213321
141950448
129641548
73216084
133413896
142861801
135458378
107229665
124641361
133508262
17124167
113092474
86692183
148925659
144618485
107911024
123418271
11793557
125834547
148166091
147970376
135870252
50823036
141952849
26023032
118790504
147879170
140839938
120009962
131021890
133082464
124956531
137965199
141089368
115057412
144117912
138567649
120416295
112586667
137945676
130961381
141828442
119947574
147751707
111890467
62475970
32641546
137551660
148480625
140889070
147940918
119058695
121530738
125912473
133290616
136011259
132894680
130999818
126034540
120395349
121804845
122537412
100865767
133087580
125700950
133338027
140723456
112709616
144706457
143139262
147308157
145721711
129112504
124321196
141562867
144120126
131340330
149265058
144203133
125367785
110684714
113547465
146914925
126515571
126027186
129110709
142534078
121904463
128318054
74061044
113383837
143902309
63833440
147170570
138926297
34925459
122710741
116630536
131112478
120533626
145854312
119030684
114339622
137349457
123897812
129818197
97988326
133127480
138750803
110583567
127355798
123663734
118803030
123366336
134555427
142556266
114425753
121677123
44196351
134658782
122487640
136499228
137097164
87961116
144618418
61063663
78664136
22269970
138372958
145193635
46779766
110446036
118221154
145907188
123303748
140890798
134809848
122805066
139289770
142599365
62716301
137474275
126268045
112259149
104704593
139106869
141030651
104397816
120798390
137853296
145000974
134977745
89356219
122060214
127751137
43898435
113530941
141794577
141049065
88203421
133784120
146256108
116167362
114122619
147275640
141693955
148497924
140652335
60573688
98457101
149149445
60219665
21799039
126837631
135640113
86654597
113472148
129568673
120525335
44279419
118535700
130528570
124224495
144518192
144520393
115628169
145457004
136214912
143760127
143802268
117250722
130940555
124303701
138056101
120838010
132522064
110780500
137178111
116011846
127802922
136604415
135060948
123200869
110448800
113892287
122281014
114528277
133888466
11202586
20309338
121878898
120281423
86788107
113692756
137412006
48638094
91511670
114205889
136680306
148463963
127154137
138186223
118893325
124333388
117056640
131861235
118676280
126903097
112043501
120646643
147093352
140343769
116237766
125007617
147413621
133409810
137073236
116943104
135570384
121490182
17205364
114858956
123834212
97092912
138107664
134204545
116712758
99934750
128805472
112943823
116771675
115660490
69252068
116123536
118730693
117920348
113230616
100053787
110859922
114001785
127493213
111428045
118643712
117400437
112339487
115867620
39710548
88062259
148018359
125298876
113603815
142349300
141619338
119374368
125468791
133356527
142861168
58164037
125314946
114730677
133450755
54672346
129733756
23820549
147549535
61585720
24455226
138929486
116116827
117234545
130608299
143774608
141691028
111226237
149143217
132652466
145591480
149651031
125354543
124894642
115884415
117745046
127219766
115404977
131986450
147099957
115368743
118002290
131563956
120813953
146236872
111809879
117582435
130674501
103846247
137819935
133934223
29049198
86802180
146872159
147163355
119142550
44255234
132633981
115827369
149460953
116730867
118662397
139110484
138975790
127681356
115671274
146761566
145544969
127573740
85532875
86733738
140872952
144525757
112004345
135764393
146472197
116338918
132713214
145505097
83160395
124383916
130299511
110930586
138077423
148309631
120775790
149352023
116760181
114665819
131175398
122586699
142620873
120818461
130837963
131688550
136495932
146552876
142403803
141403515
119073761
148541414
120828023
139619017
144689302
144027616
137485760
27050700
142680041
128071987
125601962
137622127
121262947
136223652
116620784
138080032
143792422
119177136
141467575
110324460
118575311
133769240
142609326
145723937
129411909
129921105
96166104
121045118
25349734
149251182
107729154
116688515
134791055
143087659
146085972
139120909
132904848
131472702
146572133
137037057
141626008
142217344
117022327
131556858
123685172
133113512
122578350
119877087
137742439
129666828
111551296
145279810
134614306
149537250
126340569
114054803
110128124
124534321
137267659
113904829
148636379
144063638
132518355
143957279
134521648
44483394
112640900
141807307
145775572
70964757
112218958
137632186
74001131
143018040
117393259
120465360
110838079
129430323
139772771
127041160
16048230
131113105
125902325
114381881
82655985
121928489
122647218
103373552
149000342
59393806
127767003
122862678
138382987
142070759
116048420
124251205
98487818
139203686
134940172
125085149
144821741
140942331
132071580
140167815
112464018
142125970
144291846
139904986
125809074
138200649
104847382
140128788
83485765
132098621
112034670
112066440
120130755
149277891
120517342
95338669
145033788
133027457
27596280
134702568
134083688
117316841
116352615
111903842
139341394
24808322
122278550
140797097
134378756
121965788
114094672
117485353
101118055
72807178
130560629
143753154
140782984
140378998
127832839
65915353
108825568
135938658
148198209
142459090
114372894
148915950
111924138
145419027
130218956
145996107
126619474
126629019
134093728
111351776
117153813
110978204
136741658
129765780
122221050
15889004
148576024
142277938
114173347
119693601
17609324
145727180
142891947
135689857
120174910
112139810
148608031
121691632
126189860
127157436
137838748
64645190
98808443
110058346
139566408
110896078
89057256
148200895
121054153
132504435
116442362
134298382
135512919
143632964
145598010
147402232
145151689
141853292
137829479
18977744
146730940
124803303
120547303
140275915
84792872
114829207
112452980
95144608
126363793
56658270
133337192
23601700
117501072
134749762
124901051
53973176
143167809
129756622
135322246
123955130
117316367
135981048
129523770
120883746
136930938
130468048
147148993
87970152
119502279
137566849
125643446
26184600
148297483
116535053
22336820
31985459
26092145
124644651
114983838
133329120
130247307
147233969
121063801
127626142
131517622
139203659
46424303
133622853
143170079
113036059
129442993
123736310
131008672
118100890
148358645
109534105
31328548
140777786
134206590
113114217
119367355
125218675
117876403
122694230
145652237
125514849
128476192
148425863
20171575
147440500
140260787
141995093
139068061
45318335
134565040
122086457
121047247
128926637
113379069
142667290
139043990
143249671
114816399
138515906
130292128
73753265
141828153
122628326
114493885
149592454
51444229
142474903
142387946
133600296
133229676
60847843
134441258
149520845
138693057
114088256
114987386
137354835
148952747
146256679
119270043
127710132
138113584
124139176
144149517
145491265
62781557
147224287
133254910
110355382
138519188
117914267
137180697
123953708
123630478
131632034
112091565
103463149
125799174
144249886
142934690
17444914
132307856
148952002
132616176
126083714
117360885
124535009
149790253
140618336
144164362
137909435
120333114
59903966
131787324
120164175
129136423
127489943
135189906
69041714
139469065
87495660
149487164
112999601
117130530
137493768
111361758
135994529
24390854
149920418
135120455
140049363
118411266
120522440
127681331
132724247
110070647
140333408
146673706
148904681
10602559
137043371
115768746
142412172
137880167
118512525
133302755
112687824
113830784
124006852
80390657
115894551
142914827
138457622
142280266
136359253
76915855
122976502
30573896
145690629
123877608
135991687
117307568
147840559
126228258
144056326
124861382
127444423
23901613
115648071
137654026
114333402
123080982
131861885
142023472
118867080
142287369
112774610
132185307
41237686
114869959
138180365
112773440
112817646
131782331
140468062
139188683
139859945
135781035
141846294
131057696
137968190
133029234
147930669
110114940
128999403
143855505
142589257
64561880
112082285
58241884
145452898
111742468
10769272
135988656
127674016
28149269
115102759
113029645
119379404
135482995
127193734
123388021
114989473
116943124
114090944
120861660
126221547
147526736
131190952
122627749
126647779
126539777
128946839
146900984
144784281
76224089
113385673
139842065
110614842
122459606
120689344
145524315
124639672
115529955
57529353
147682188
128016038
21692660
112105675
142260419
133952476
127728596
80190215
120563758
146302262
148651047
136280609
146445920
52793926
132798515
142287357
39181813
121342222
126709440
112229493
143193981
108964161
32803459
142409072
122993690
112338900
143887201
128004681
106226106
122934529
128696768
31297991
135512712
108314744
122759241
121439747
135305815
112797821
60670856
88183659
135676106
144748614
148425327
125636096
116964298
127807991
111618123
132362133
141498897
123892792
126694207
146012730
145927799
117369163
124023282
128209041
111298991
144740001
121688557
115189622
139279125
131728295
121908443
117114740
102687594
124094861
139218045
116223431
137744735
133872513
120244205
133941424
136615919
123670111
126352428
20775074
135638953
117175300
131651159
125949509
117020057
113182094
112220506
145254212
126825063
132951289
124513391
82880425
119419453
142000081
118466310
58470282
138443523
115414475
134635349
139135006
134789476
130657367
125296301
149959203
141467439
146486723
147474063
136401982
118903752
115803640
138213770
134780765
136965862
81738631
129741682
32843401
136052559
149383509
117453090
143598092
122783450
33569026
141664875
52764160
143696099
137710048
149794753
138853238
131985945
141300965
115454503
146847001
117225148
131695073
137014558
116399963
132870840
116104719
129308716
121422602
110297863
95878999
135998015
117882117
122285487
119220175
144957850
112000442
25891079
12376076
120080652
133685225
46405560
119083468
133823955
143735631
112108945
119837401
132572158
135137639
133660322
31194672
88936653
74774913
13886954
141435135
113434856
26072616
145502179
53995838
105572862
137903301
33492341
135738599
123681406
14727431
136330237
13710191
124217817
127251559
145914667
90872983
122491167
115035551
120540386
148800473
133030456
32987125
119209904
17288269
141818317
119794486
62572882
124728757
84135008
131803726
65834119
124230148
145717735
139168173
132065852
133176836
26840248
133098157
124902563
111680303
136985583
145502679
116187440
131877933
23647210
112607645
54492168
73655871
143345750
122760622
17202572
20825274
76403566
113527094
104055581
141199100
120848428
34622474
113257256
141816816
137446805
137688845
137241143
133319935
126975227
129632735
119304197
122512429
135124449
133482281
129743169
119742733
134901827
147757214
115263840
112414314
138372982
120228138
142459909
134561813
123208440
112935872
122827719
138055314
125836357
149106024
121096805
129799371
143519600
40284456
143957101
119396362
19637887
73714705
122895503
129967323
75663649
114300128
122254220
120580736
113379864
126274227
114087050
135513771
117862751
138266511
120847827
141032911
141683904
135767072
140162944
144188905
44604545
139811286
40310383
115231627
142280287
111694281
128323309
149286590
142650949
132900901
115171735
148983536
121189596
33191277
38644803
124878777
141475427
146555927
130747729
140981307
125694879
116800487
137983478
103552239
63333341
18988205
141227746
131727125
134045679
147434728
118553098
11497464
143616055
116738175
128906249
137131127
124338134
114260209
81121280
140605372
135894686
123583451
148412959
145070826
57031535
125660377
131831059
120448738
110685154
119529768
138695948
149373392
127585155
125117194
113227067
116979439
112125704
113198420
22723543
90937676
133176820
115358584
137065071
141574161
148339429
130344516
78521047
122379505
115109278
148171816
145145201
149444592
38350405
120959559
112125395
144628296
131436035
147982308
123389581
134853523
141017741
124541518
115031463
123429329
128397223
121615205
119798250
130586853
133236871
118280998
92296813
114131637
119230065
82649169
123019841
142014461
48560473
120523051
131520250
129651352
127828054
129739452
120174452
149184931
118222773
123885986
130332166
148396130
128280624
116151881
87366541
65341738
141499763
149210657
126491527
92222855
115497371
82803418
119321891
70431365
118439207
131454821
111257169
142900446
122123996
99356536
118727558
141055964
122693624
121387378
137804272
118235572
140942362
124830562
52226827
121442322
144769936
128299710
113438655
138940095
124488282
123628856
110609684
149605512
115516020
144861042
138701914
138017624
116860827
128396352
120011620
106176606
137550814
136500210
143869300
139782930
111472108
126176272
137763026
10630408
136214641
124487868
87284653
123268684
131031500
142554885
117344463
123065373
136365888
130807307
135939362
115403181
141300145
117829635
126616534
140172488
136838952
117922351
143546044
106639710
134694337
143053579
85543807
144677752
146032583
139894799
112888453
140992539
116906491
143800040
143539978
94067181
38670180
117533725
132581171
115526490
131137792
132412609
144820867
130042877
145237853
119599633
75173091
149951512
27548292
134158688
134335170
138481421
126492362
97135773
138902217
136346003
127463576
30977153
88968166
143854849
120631384
125070224
139251519
49954480
112313757
139197531
126829575
126199946
16077849
142710300
116826636
137220257
132348816
145613223
141148577
136349310
122617281
140480762
133819775
60120714
116683926
144640362
145398915
137917079
121161360
119500876
145353005
125201029
135600104
130861939
116430296
71673376
117236441
114731269
47994928
130091785
117851528
132990568
125462308
119138746
80166911
148677439
113052615
77188437
145367668
141611646
121511314
121126587
69779847
36581191
144367888
125608466
136757178
125376906
129502686
69230833
121997224
125761810
120211265
129859998
124908238
115405905
146161213
113252659
148439133
140816115
128420281
121216872
144358956
131636612
80218461
127515753
68821783
134213971
144929902
125123676
110126879
63344420
149740524
131506363
118040546
110878476
96136849
148848682
125687956
117108545
144312076
141752786
51600348
46225666
143960375
115111681
146565083
61903601
141255777
115180926
131329521
143611033
75791461
110200528
117015599
133799245
132933562
119664425
142891679
122009142
129768092
21900897
111172971
121167280
138284739
118107681
145878333
128541758
132551039
125688297
126566096
136667684
122657888
135590082
141956653
110219997
76425228
148847145
149816772
135089185
145735027
32673396
115989803
123614914
141941898
37231092
126083586
137813067
134277953
122137898
111353034
143155774
110079164
134258192
118817447
136099513
148873567
63264879
114039682
76289081
125070778
126716754
118802247
112635581
147151913
112629540
132667508
147267942
133994245
71455580
114777098
117930235
121886124
126223779
121558939
149682144
110336738
147141777
34537850
115204605
124463430
10849345
123381966
115217825
116201982
122574694
124685793
130018396
136909109
132372009
129621946
118035081
140085870
135536262
110464490
138033024
135771201
149854828
114802491
121011981
137718344
111096735
125049168
125422034
130700830
113914398
111676774
110355053
110923498
48672437
126575776
121247997
143919080
124963399
143653353
122953426
132270896
137321985
121708456
127415432
86272049
142653320
147434007
133749497
143224854
112977641
133399377
132676578
64041958
135831100
138381974
143731990
113300589
45404439
135602130
142554156
147800763
131402194
147942598
136810232
141458451
114235314
114461989
118703098
126970113
131332391
144262851
138631222
137228796
128599370
117618857
133740022
131045485
129739403
121016851
120797694
128074945
130332158
120822965
145467985
121951196
128897086
118425586
131452381
146367971
117283014
127495054
139707041
148789316
116206063
132573611
112403409
139153319
131544483
138413792
123357673
129011110
141100163
119274913
145821537
115508247
35444491
114065732
115354019
28809932
67814626
147848996
137582049
141925646
144480448
131374411
25173696
149510582
135826938
61172543
141320507
122952094
26914594
125986986
142846863
134004566
133252663
135444661
132508892
136015271
116744860
140280075
129603181
130612636
110927431
111433501
118057883
143579365
125916050
127522638
147643574
141008978
134090772
115091087
134579727
127638325
129430081
64642848
139754405
122835283
138617940
125250717
134456095
149981045
122065801
146376329
121774537
149330763
145718975
116632573
113115372
143531438
125351399
149913097
142217253
31752548
134188869
140013114
110383555
99053256
117248762
146466058
119704587
145907378
120636457
145650793
137025100
50100842
119893479
138281524
113270734
128609167
120717329
130160366
113786606
119658536
148458318
26144245
35762141
125318135
111290874
112834693
132849033
111829072
115441008
144511589
113048632
131132058
123578687
110139866
134179047
149921162
138940027
139800167
111823235
137963180
122512621
113315257
135271893
103538208
118452599
132432395
78924204
132148821
132616679
125602669
119005428
140664671
58014433
132917467
147132135
147974264
101065163
141450775
149537490
146339378
54285914
122866228
129603190
53962053
131371736
140580318
118934504
138199191
132954846
52174941
120334346
138118995
119857076
117669370
138179499
144761824
117912421
110647458
128655868
110085740
140668038
34014684
130793519
125904552
142128305
53714354
120499569
60869358
131279694
121326446
111805166
119814716
133454091
116199311
124491670
125007767
120652461
145300429
121769330
118335078
110780141
81243271
111975816
140163003
130126085
113020317
133035547
75340499
101603119
141827978
141933290
116474274
125669698
115901830
120287213
121030920
138894070
133210368
135910729
29795111
128487646
127277241
128841585
83026385
90382774
140570121
138290851
139209503
136115129
131038593
127888165
134552897
147467547
117565695
126951775
124178954
117096081
12808266
111562063
145940554
147395107
127356852
117789820
113574043
148034531
132575230
115476310
136789864
136290644
47839287
141910242
141135101
137965242
141818450
121886598
119179006
139290522
127487163
116044640
121169471
123612468
131971866
140124230
24412258
129270437
133693783
134272751
115153767
135027140
123938389
115112298
132158894
135890611
128404818
128207656
136584336
139231972
85974290
149432713
111078342
136834827
135364831
122372134
143007390
141092514
133709525
47167999
124544982
147039899
120774127
71401921
126214262
115285621
133340461
115133158
126887814
142081156
136791299
117745006
124467067
125230788
121297646
91543956
130289178
119570042
81435755
138603395
125378783
115099061
133533225
149174919
140587821
136563155
137665261
140347198
146187449
147133049
40116236
135298978
132458046
146262265
116138255
131767393
135326706
110165987
99931742
72540713
130140229
149556239
129278380
140557783
139069239
126522562
123118949
149451116
135390664
145815571
137111747
116841385
142111431
122290824
110350327
149902749
121279007
138731455
114642604
141531213
147098249
148812017
140747640
148100870
119766817
145448324
55694423
136246490
127980841
122517517
131423966
65187503
129378773
115106309
123643091
53745044
98375565
42848979
145921114
136102459
111644577
124585592
123146307
117384026
117140778
20379502
148990111
147340030
129038199
114741142
145887745
145908414
146498668
118770354
137810497
122651973
134466474
122550252
34378621
137772163
144358971
149929585
133133565
138090803
113799371
133929839
118404403
51947805
138919109
135137642
116979456
143930782
126507840
113445440
130476975
142177009
117880556
46064656
117111558
37559902
133170941
129976613
114696052
112010967
145917435
128357286
149465065
127745926
144184287
134540816
133116034
140122777
137634984
144472099
81827555
111519346
142929298
149851782
149901118
129389064
130105723
142710374
108281842
146757658
118037103
26749060
146190518
142046384
112491978
26814607
114437220
38834874
120134503
148080414
121121499
139767967
39978850
145683030
118293592
27275427
129132227
122089212
122202263
145639874
147844906
133617767
122198511
115790506
137719162
121729812
140341636
137419346
111339370
115336751
143864393
140656188
149010145
129383302
25941383
23937522
128584229
136488453
117484952
115680715
135595999
116629866
116021335
112300487
91278879
115341973
118837786
93211679
117882879
115163850
149841486
144277111
141384049
16719143
149077290
114000214
145027419
68051536
132613932
117236446
138695367
126129818
105515973
114099730
118191704
144618493
75995296
74654910
111058924
123176375
139367173
49462384
141998443
127054441
144894832
135107194
126353781
138036284
111224184
130697811
139116843
110899685
49056915
111628660
148296522
73094153
149372304
10579513
121582191
122962652
139004849
121360218
138841563
121886130
133308569
50367840
147707588
73670028
138834213
140562191
104378489
135291662
112198654
110912473
146590287
112866100
127157340
148984662
48842132
69194511
141832683
138185533
113392874
147731430
135363280
141566007
149847770
133618046
143413570
44950688
131795409
26586998
118992767
143904540
137243346
121931388
130590357
25437167
125919401
133470811
111297386
90449093
110272239
125855997
120593613
113904093
110972907
113478852
123658539
145575126
127480148
35872796
141005419
113632659
126272598
112648882
147815664
112931307
24575762
148803014
114963803
114619065
123199431
138381353
126719832
32533443
130449329
149242596
146853815
116283341
127434559
89796532
37544508
60160757
121088330
127212705
125410168
77472966
124859379
113805132
110779925
121765391
142192031
126114395
132951317
134592066
116552510
91537956
118547177
114978551
20285666
133806901
130663499
130339512
131210462
120593925
94673553
145132663
131333459
125584588
131883305
147998093
147142609
133597744
111980870
102385145
147412690
119161221
118900135
140482429
130295274
80889827
135676188
114390778
122209149
123797839
149666060
90917747
50113724
126511410
134798292
135117996
148436790
114655316
145550987
125224442
125318207
137679069
113749918
120548843
128075912
118398607
111393264
57999901
122597018
132759506
148395521
116170551
113250072
129853501
129146443
133801843
118500478
119218965
119486220
135050310
115636742
144604317
110823936
127680617
143313603
133816672
144582971
135415545
147061472
118613716
130854934
139769190
146588145
122831560
126440626
122719637
125277782
147959651
128514902
134929564
121274738
133395005
133147786
127037780
116527800
132645962
126458458
111689971
48599034
116387565
114772599
138468078
66743134
122333162
128427302
116358536
129889048
113305431
132017195
143598045
139949549
141144057
24900503
141081945
117167804
123053323
142484188
66184664
132971692
122292010
138792152
117576663
124202533
75467616
115858287
125546182
145846466
17954353
149111172
48271224
134164307
110835360
120576970
138068660
114710908
106479035
122453745
14547836
37020581
22739351
133317897
149654777
139617625
136195412
118031357
45809795
137072806
138939660
31252259
23296171
101658379
148437333
128235663
136438228
140416157
117154111
113806891
26652456
108169908
113236037
112327378
133579456
132973003
112849558
126558298
127363345
148712496
134560313
139285167
97566565
119528521
96452237
118188970
144995901
141087506
119426434
133100298
128758291
129521538
130308922
144801623
115479780
11496374
65570539
125570887
133522015
141335997
140688888
98460944
16738955
131112403
141175651
146848713
131558962
91027962
84509936
130027867
132677982
113791529
107430277
130079431
124346593
117820018
149681510
71160167
39831091
146768568
119850775
113475292
115306100
141736025
140014562
135425195
127152236
112801315
126799029
138208860
146440081
80564052
125169104
111458199
38871200
141857586
123000929
147956022
115369031
129950663
119531514
48138759
121113524
125222156
135233158
140833437
139764943
136564512
78652053
86762021
118423680
143918074
144136734
48771203
145360042
113061751
137892120
133775164
136166305
134735065
127502995
148569693
35923766
146933308
113331385
136044084
101596850
146804113
130741035
114308160
105532614
115450709
17754289
144304016
125584504
133302503
113007923
119600591
148084983
111181783
115177099
125574082
22360934
115396139
125393408
126376283
147666143
128386370
112990116
80353702
127375407
141007503
130653078
131600113
117884121
148492625
130085550
138123384
137271570
126116316
145419073
113030426
149008490
148994607
144483158
122093872
124362657
129203091
110953057
120563741
136682827
112374629
136943280
112238015
84471555
120926628
142617412
147330577
136552283
130844620
131615309
117295840
142338867
142482290
116957988
129003144
127104793
126936604
77341102
148058562
133685781
128432335
147061239
91830426
134938443
31972595
146751191
97621852
124097589
125558847
116669011
112445041
51120139
132503829
149729865
115028041
114165965
139661064
142297262
139285192
117996641
101113581
26843503
113998238
59613440
118333633
131464115
111990420
110226506
125091421
114721107
149143210
65139219
110348998
123903801
118881594
127167901
139660106
115799199
118961509
139411144
142949005
141384863
129420859
146192746
138633477
141982410
116955831
126644515
121372600
128184294
135766568
122831536
146440301
133447110
117775610
139764910
119307236
111174902
112255236
130274844
113940531
72447526
68297522
128103774
147551517
62745926
146916314
144591897
147654434
142033856
68605629
137354812
125647624
117777214
146035509
77867293
126287289
140496927
137403546
131801676
138401685
121017288
118434258
114502152
113731553
124608739
136712321
115668061
134175231
116500779
130723422
134845066
140398549
141343142
131789211
114741179
118497732
129281287
118806131
128973288
115623358
144147466
148255720
138130273
19911365
100761422
140399478
112421569
132362052
116276015
137658064
54163511
113358167
135938592
90557278
118467357
112826243
129752465
20071440
123396263
129562698
133088450
144186809
123711117
148203651
64990999
132030206
132135854
110207888
125453241
116450269
124797683
127196706
130792834
125803791
116236031
111698089
139484395
147869950
132276186
116378492
26990971
136920994
131991080
126483495
149256370
69273012
127459773
132589581
122800226
129600045
121341855
118245299
124935726
83325895
142279604
127386346
139400238
30940416
32159488
114381603
148732080
77088507
112968821
148716062
146833318
116372158
119414107
115905929
125346633
129309653
117102161
120697536
113454143
142406675
112873423
148816793
123493596
138987322
122359081
73968970
119888922
120609220
125717752
126372540
111283674
145093950
137936853
118660878
136014448
129709190
117497611
121871176
113140746
110151950
29105242
132904298
139107095
144134604
125252322
91312406
135789808
146632355
116882532
116407608
139816743
142897201
110096796
136842674
145155895
126689820
124600198
119047934
110126272
149718057
140479660
123736337
139343991
122350918
117741484
149305451
125672448
123322486
140719102
142550753
139737390
137367169
113515744
120270198
121828065
114841492
113772041
47535379
102625682
118610238
132022005
124923811
140563924
127709759
138230540
115644489
128436183
135104534
115115637
145393106
123170416
138731170
130745563
115561774
136712887
131586451
125396830
110139378
141980922
111877503
142209431
110253455
142814164
136549392
148491950
148613529
118066166
143064223
125434374
119726134
135322423
114232552
55439957
125948712
136550780
148651690
139598184
22503936
145492812
121891667
141057293
139429786
147550821
119725166
133274118
126418863
133755976
141680704
123775207
134911691
121004193
117474629
122811504
138290209
149649336
129245473
144017063
111118728
132541557
90819403
128464780
55471525
136258177
128054171
132421244
120344521
74204177
113693019
143382541
146212097
112912625
110038669
116342970
141518999
138824693
30594284
119859308
139785867
118287764
125671152
104583632
131344812
129738868
112984677
143976444
139415118
128194050
122229416
57172863
107555007
129635417
125270991
135607729
138599635
118915288
137826889
125832734
131610937
141083606
55098276
86509267
129443101
142788572
118686204
126701644
121754433
95441782
100390237
118125948
131725782
98720664
115394440
120819286
149694197
114934262
143158921
121089685
115942906
111454316
138889587
132989684
117565203
132094132
116221930
115065453
137713249
111395770
114172338
45206851
55798819
114525973
123169819
122749876
135911472
122228909
124205928
23018041
132506313
128334292
116698732
146839162
122883837
82416986
112773937
64996171
140184585
96157142
122365343
146284022
133402719
143153433
146539047
131175387
78074857
110949176
144311872
144378312
121649373
66638228
127955869
146150168
143427390
122265204
136915723
123396644
36573194
117391188
147915292
127942560
131810296
123312457
145044009
128438076
116699199
145142403
110223412
119121669
113757684
140131850
132499519
129134990
93354455
145581690
135499538
129328830
140392210
145665500
119804911
126852912
148233842
131096886
113793541
119575953
102612352
30272948
99527014
125335514
125450763
134743899
33178294
120739621
18149128
135846892
127204525
94294341
148269302
123532712
125232012
138035640
117799357
133135461
110999393
96212808
140821796
141604073
148150140
144134613
143600310
52890791
126973554
120117476
137163582
124606712
131741382
127091442
148673720
137751262
53191619
135993694
132936300
90271053
137878103
126367828
122018111
126080854
118772768
135124499
137733347
110975953
115649681
119565913
124371558
141180380
135352920
146622791
124056772
120138418
139877379
140600410
136118816
146081706
112293914
63086459
140197933
129231674
139441456
124584497
16450607
145563005
113576418
119111135
112341939
116844658
135540313
144010219
142409361
136924406
123115446
118127869
106473219
131075348
27474445
136339494
15396785
133787432
130715786
127797024
94251222
100424710
149775466
125497939
99030138
132165248
148197594
141913650
135229332
65295354
112710425
118239877
33690223
59186758
113660317
54101560
141169624
125947658
121791659
121101251
127094952
115836977
111991777
128889778
140909199
130215739
124087279
113695148
136236811
146270712
120408973
128137328
116796340
137147473
120544575
111751586
65331009
146465249
148155494
126159589
141518782
118547586
119858913
122046904
137853941
123253455
139423897
141997207
147542454
140931312
134352345
120779930
148728600
148444208
110040430
124535232
122665575
125711178
141322217
46707904
118448498
148681179
88903628
137993117
149812127
137411867
81861054
120880969
126414758
112576400
121753455
18141863
25952518
146637316
145035321
147907243
137147220
146246025
76510085
21455659
111254598
31105407
140648053
111970471
125325304
123107558
112808147
136751214
125712747
122723312
80345948
148850640
23021046
145984326
140016300
132651972
121696892
148642192
119683756
110805020
126259576
128380788
138025650
131789737
142318031
127416083
116664361
144776198
10612094
121599740
116785206
139719404
48039054
121249568
135777265
118745700
23174878
116355185
122122984
115949665
138805506
121146124
115846883
26079951
122045441
124970365
129460442
129410186
116199385
63100493
114555830
116297723
137209393
119080566
21082336
148959680
149209472
114817170
111570811
123023263
121998688
125991527
60408185
123688776
131864945
139552018
140455023
53970596
143249178
118146363
114364638
130247394
142900486
15012588
50929885
110306980
118291916
110811327
148756601
137403599
129971018
147469046
146374300
82285592
112639509
126211062
142223014
131195079
129789097
112024116
120045876
133820570
147606976
142955939
125597684
126628909
144308631
137412292
125185838
147923213
148917224
111023076
133175166
144416341
122454200
119103937
144530043
140199779
114941611
53165669
146002867
148645224
115760790
149702546
114993391
122465851
111344228
124050454
129871351
111283074
114249399
123566535
119145683
133990204
75653417
111792184
138073181
137085602
126081263
127416177
121859331
50770324
112903885
137354329
146876172
147092666
132401595
114502140
128926319
11700550
128514691
136294018
136811809
119501276
130957206
123858318
115773683
148336124
115149557
89753332
117123793
138107198
139662671
141118044
141217386
147903704
146783528
83060273
148164980
143297723
133139368
72893676
147486853
146126467
75510608
127951423
122135300
134111916
114197598
127373083
50120765
146584279
41875696
25195376
138301760
110737504
114891635
123280364
114196069
116811435
129162784
124049699
118992755
127421623
120956372
122024646
145152648
115117332
116133425
147416621
129286998
121135684
145691178
114488648
124656095
126821626
146630972
52458903
89324931
34351741
19903632
122089516
118914327
111046127
110705781
147443993
147849138
116414636
111805971
128745532
65800689
149968047
127738845
117542452
112985266
120150560
44741772
114968419
143323786
132609660
140260494
119783894
130780033
116376650
122179048
135332873
133398644
144348144
142852848
122783490
136538681
120343609
146171570
121246373
126688619
143912585
140627378
127859923
121805494
147626658
148978813
135251741
104855794
141132494
146870760
144580675
111528336
145583327
116765538
114237187
121809329
143212404
135863072
134591668
117972857
144099075
112608221
143853156
80155175
125042815
137924043
146129725
144146914
19028040
114328102
110672331
81533514
118253423
139100511
146439315
111953175
130576490
131213085
129889634
84128871
130228093
121124324
120133863
149955175
135010915
59507212
123696571
117324818
147781409
101587171
146926569
139308249
136719155
118292164
149216125
125445898
144664345
36415942
138285321
125285548
48880295
114509993
138883907
148025825
131221060
137612538
131296677
138333340
134624589
44319539
110787000
121947640
118282988
39934094
139876330
110539470
143514724
134535068
129105140
142195560
101737224
137149834
129537123
145185351
129496991
103397485
123887774
139898200
116974390
127677720
136539740
124696509
128533903
139000494
133729781
143039780
38604217
124814118
44860839
110348672
123197886
21545445
141285729
113494426
137784656
111080117
125611975
137246820
131712542
113983184
124203765
127381115
140800148
139660100
119676921
112087543
118720374
122313665
139930345
12251111
85171090
145006828
112912603
134602190
149310724
128668354
126640519
113506881
118165736
146784647
145281071
133592907
131209919
57577782
139812295
56928922
143315662
122697855
105270366
144662633
38349633
110338540
62791330
115755364
131858795
122474896
89396531
136615964
129983070
143213804
121460761
135658991
34447612
138605019
114509449
50663965
129973296
146727869
111451135
71620391
125659411
126499359
112529975
132911051
113245893
149689482
137137621
118394458
82664249
123866440
134977770
134102251
93572146
126820448
68238001
143450067
136003489
147667194
118535642
146700864
120779439
116132897
80090736
64845793
112331591
124239460
110550689
135411959
146380683
121236127
35023725
133402503
120665543
116448898
112787071
113824305
128158537
124939842
111311161
115046901
145631367
19951266
130714478
118633867
149394402
123707402
138302931
131490826
122260039
21422388
136343017
149865770
142185083
146402101
141402414
143166184
127951657
124153163
128015517
112071546
132970566
121338136
136747864
138998199
116100530
65306318
138724039
130487982
116529761
139290549
123702399
147306484
137059598
115168701
125201573
82357232
137493844
131187084
128418056
126109875
137310504
111291629
114363001
114280707
118192989
126492364
66253807
125846186
144522864
149740597
131132045
145082688
119102667
132165909
59121214
117884766
140854759
125323192
122319689
124212433
114980419
141164732
60129039
22348190
126497153
131565079
143879457
40918869
144156334
125080713
138271007
123293026
141473644
76295476
127692986
128501809
58801974
111883009
17550207
38678140
143510585
140563982
137131007
134789917
142078264
130667575
125918759
128108969
130176136
140236198
126834605
148223473
133060572
117504622
55813690
141041674
125136353
135842704
114467845
86859055
148821774
94030699
148120471
127745302
128012464
135353919
134507021
143124604
136677542
145544878
119034547
147485336
115537195
128984783
134847961
140656263
114752558
117098041
134870932
129243010
141322241
65121837
135049240
147802719
114010743
117931905
110244081
147823890
130474863
113153076
126629224
116316516
36133897
133950792
120591669
111390809
143324837
127142168
145438498
117981760
143283653
48446893
137407877
122114925
119608036
134061613
119043849
110242797
59551279
125844824
149271065
115875820
75585330
115297003
130846329
91352722
111427505
43867441
134263452
136260003
129028351
114483452
125235979
148683759
147072868
120746066
117293858
135427722
124967741
148159222
120851395
120586780
113133262
111600891
115973682
113779152
50683587
80263943
140138831
115114179
33135407
149163398
139167927
145526151
136050402
137510825
148869692
114443058
118912447
148267559
139821969
41956450
119793914
114209353
24660956
136535036
147062214
134565070
100542832
101066881
127609048
113625484
143651664
130336710
114889565
134892728
116392155
19777968
115030303
141132581
105007475
119148130
39973659
115041690
133712884
123925114
81251785
135450973
131772423
124194892
132363102
145347405
146252357
148862847
55584228
130592431
125590618
129967360
124200156
140281024
139820241
137062840
13859646
110744609
111602368
26419371
114812204
118934180
129241899
128356999
122773368
115514639
148654375
124587064
130211184
138540212
127050905
31374969
132248835
125366189
141836904
133805118
143693633
146169334
130603501
130876173
144772035
118805385
116796382
139854096
123771094
136071414
76415458
114973725
84120842
111837191
127819686
144820447
140358416
144090233
115748607
142703521
75222347
140616429
149247855
83915835
114960712
49100112
131490769
137528368
96963488
127995735
113721587
140023252
34406034
119015304
128661033
117499601
31683620
132935328
115040458
146460657
141987256
127327517
114586749
134911829
132404927
129578207
124665669
118741836
146589078
37031470
140263721
80164432
32579644
51881946
125448386
25459926
129142305
124633198
123648673
144099070
133072050
110375487
131147266
27511400
140602831
126618215
111598589
146002716
126995018
132449156
134144255
123114810
115751430
122683183
143055328
118423287
135514536
134413209
125712911
116217616
138326103
139647133
62639593
142542152
74474744
126134156
143999059
147413282
130017773
122327548
139952659
134544979
139591561
110461737
145498615
130791563
142127683
149201126
140260200
135491835
27913863
141698149
120592263
144565440
147678689
53630181
120123012
33486414
65990864
104725693
131105502
118238509
51960232
132624546
116522378
128666367
132036508
135506685
144368015
109692548
99416501
132964032
112420532
144844140
148236268
111759858
143609521
143765806
141684525
130787451
115183937
143284700
126839597
125218192
143122516
138372852
118674650
142814131
143591352
132224599
97051758
111340463
142939803
131955566
133659016
144511659
141195329
149947800
59707751
147532995
29691073
129739479
131826923
120562224
48667884
131775817
131523660
139960126
126550495
69295340
114585705
133322939
114402569
132394388
114646703
129150255
140897013
135531025
131344715
133518660
119013762
133438260
143037799
123174210
113454190
111751550
140782301
119326569
119733980
139974482
143907670
139826934
129906813
144586435
142623534
111290882
129577249
141715498
139479217
139889237
147469718
34585201
139642123
141181470
80748039
60463927
115130388
128450927
98782728
140782378
138441417
133988746
135157865
79746954
112479347
126223866
142406293
135413405
119105123
130711302
110637826
133265021
111664866
141234887
125951814
80963861
130949810
139648014
111088943
44629744
112720493
113750856
112097490
115438909
141222408
134081331
142810718
136989684
121149913
100015012
17626746
138768244
123321073
50360227
139696504
139591555
146402883
117737814
122858463
39845547
128859617
137029031
145414458
31225146
139504410
131155738
119491851
147465575
82729880
10872487
118935503
148848134
116055665
126801243
121369339
102275335
132419137
148804399
140995435
133057004
113057494
120277656
127623983
128786490
122599185
110892784
122236804
133258757
112311317
122559044
147397988
149220795
39862840
128179173
126631769
140877505
119921557
147617276
116303302
129308088
133812456
133049738
148504583
119504782
130196703
91751872
145447450
67882633
59670235
111264238
123336981
147212913
147433511
135181167
129680131
135464477
133488498
52059990
138048911
10717496
127015780
140624526
112836849
137119965
126521767
121612146
56573460
147113953
132119702
125212277
143249166
96346136
146095960
145488207
139819249
77483854
138501371
118549148
142260421
126821644
115402712
87263608
118444511
128248470
148783655
134880516
134812011
134710299
116491892
116967429
149624499
138597818
115866038
106301003
134563698
117532548
91370777
142130178
136013325
125413766
121587446
122184465
121691264
116922051
112570980
142129557
139773031
149024082
126081763
140336140
148148529
127844838
149546709
120854236
122671706
146525987
120710601
131008171
128498969
137103299
131160307
140741297
139294405
141516521
145710293
136506343
134810020
24970559
149311352
121957314
141553905
123504116
139665898
116071412
111465360
132885797
141915216
147593476
135833950
119811393
44979442
120339917
112061263
145134280
52894447
122535659
113036063
115231661
146120087
118764499
139751529
129596834
118841976
143919172
129394942
87500229
110762440
116012684
145467285
71146066
134069050
22543572
117550298
112291840
139847378
113163877
141665368
137314077
112510876
123307263
120998275
124215884
118142366
17442410
147724020
142711373
134176092
147175075
124114222
124826408
132734340
112470152
119184880
127329223
140829925
145367688
148568443
62603586
104012427
147910694
114394158
120579991
144476286
114712385
122389125
114224235
61846414
113547191
100278782
137202588
133141179
125171439
139565614
131883182
144154945
41393300
24962301
149880164
119536444
112951879
146955505
111538829
134270497
145283868
116108934
100912315
141044444
114625702
144035396
74424060
145269106
110461147
110766885
126714763
110937740
144996214
86138220
84514336
130307600
42878647
113752881
116636167
113133036
144720819
117550027
145673040
122466880
139624760
134402417
146432857
119779741
128216288
142809152
120696011
131097259
80600544
119962885
61082417
127667871
112210467
135324034
136851700
140875146
114403332
104067477
143280033
121357808
70356693
75115511
137030459
77137113
110086559
110568854
125747334
95380825
113528490
120825229
143802252
118657590
136861631
141460642
120815199
134404071
124455950
139947598
26392852
118515446
129698954
122145294
124112808
122377347
126329660
128093107
140283761
144768058
118578250
78597500
125285553
111057338
105211582
126719856
127616905
117005545
136446960
131140713
130122964
130014453
111029957
118755851
141065842
120011666
116260579
84998436
117417469
68462354
138038167
127865313
127660351
117868517
133954002
146608383
132851732
117097056
125014502
134335772
135859716
121366831
134916073
124055157
13596487
113908747
131335083
139256502
68341617
144811004
111121784
136364433
149042229
117999377
145161552
117235767
114375757
115507470
122359387
111953155
120560979
90006776
106344498
138501367
121563391
116137570
116651871
146774504
136364365
141004587
129382673
121024906
137023435
132596645
149843394
128472323
147568292
119922410
124384806
118915005
130604781
111256161
135937808
147795792
148497642
89580167
135591272
126729261
27845736
124760578
122863513
132254006
56478586
136290690
145764726
116711077
136370379
129146495
145395417
62483538
120807245
126753852
120892215
140283956
119756226
129407869
128409880
124216481
130977792
68891897
31620726
140570447
68630099
113814163
126630618
112113504
118626311
148133685
123993101
133652526
41737053
116362007
63461690
123427902
112156614
115109776
99837613
116388637
118709351
122308475
76233245
123082900
120356594
114570679
137857682
127704992
111097518
114320075
124168084
110778419
119379794
121565779
143839744
141297167
145271825
111120374
145579431
22763223
111296743
51418479
21624710
137967327
127511416
136603740
13317943
147131124
144601977
67790652
126992298
78149021
126135632
122088243
106215160
144250790
145022591
72117353
140836289
121680637
139116910
122680516
137562901
142191335
148656795
120539902
147933432
127031403
126239899
128729585
132971104
43939504
144618676
133158196
116834370
139167390
142108250
124564369
122951939
149002157
129437449
117106552
103009695
126606611
131459003
101481758
136604730
107020265
127963506
127933603
111018658
120275064
149379084
115985669
131789114
128433754
114483573
125050082
143058443
126847337
122151673
90145798
111718400
77687302
55617016
97127235
116434031
121521140
144478222
133699314
138059054
145061690
29243875
116070420
85600507
149351591
55508742
118684076
119845004
145328423
124572177
141138747
133935735
142920848
139667326
117902577
146590685
131429261
121653273
140815892
113835455
139396223
122424873
10929130
145223266
128368838
116202860
112462090
129673792
100935901
133072063
51847973
123134234
120428491
141744631
133893141
109866243
113312870
141649073
117082057
39699022
111142951
118308856
121774525
85990764
117164293
17730030
117125390
50566320
124413524
90964039
132143788
141201173
119947676
16464026
133843796
75543356
113306269
138174446
149701669
135242469
139257325
125694888
143415071
140141226
134272709
137787394
143415185
25120230
118463917
28967788
41894763
135719621
128292004
116499155
34772288
123476843
137369630
113405557
149033937
136045727
147492126
128811723
137303098
117441264
133044603
142545796
106324517
75679333
110309597
145564610
31417859
132769348
80172918
145339796
15710677
138081772
31102940
112616815
130344956
118791428
113979398
144072874
140645694
142371339
115497396
116362590
135564808
130337020
149438913
128857669
147240216
138297961
136395185
133203622
119392759
135044861
85757556
111750881
123632639
106876532
149239224
128406513
144475750
141842630
128612541
142614391
145196432
95428502
144918912
119765659
111136605
114596870
133516791
146446701
136819174
110434398
133787724
117410875
127135834
79660396
144182284
142420637
118508697
128049883
112593325
138230375
115515734
121630327
135297259
44284392
126492432
138039423
136374055
146625094
111289350
112198429
53251756
131012010
113635869
114773620
145149475
34715892
148345870
17424025
129683438
146761952
109624445
39544307
133416763
115950912
145145310
18820576
113817037
115194504
121355554
131319838
125194059
128753173
146588903
15030323
128808848
122803214
116532845
78478750
149661700
113104720
78510563
40116634
131204682
118632580
132194043
116636148
108726351
122082706
17169693
133576442
56607496
149817919
128277574
90098528
97685151
38176239
124198251
122338761
131452377
97849580
121750258
124690080
42767204
149260653
71415812
101217708
131461547
39114687
148097451
136924490
98325915
104373927
118989338
146097133
134115735
115104850
101830436
119102492
134455410
128838023
110901183
112582903
148841236
139653017
32163657
75803938
144729356
132195786
139563029
137560493
124919861
148084191
135974556
118782637
112579676
146440320
142544267
131580434
110193043
148268049
138696474
114094425
133627423
141456691
139762640
142721675
142937215
140404521
139644036
129546665
143316805
147576290
139928526
47628500
112206710
140315686
134940012
131358021
110829496
133444988
121577352
118784708
149596707
135099440
124830530
122133864
126362572
76367801
143957925
138604328
123820303
110877328
133865155
114597797
133712059
137483585
148349453
120728555
140134227
110517473
84379656
145289834
126774400
130060362
148675236
102377903
116835543
128488969
123599318
125387876
124215567
114649193
125430698
115623083
144705696
121551744
126430111
139909360
120537342
149254923
85349595
138080000
136298671
123034740
145150945
140633516
147889448
125844870
135423377
122106456
144148887
56986800
123499711
119765697
76086911
149237524
126259400
128474867
143078078
121853483
133376352
138872969
125974814
145596251
88965205
147974222
149968621
102749968
113586733
137085108
126125511
127629674
73535727
126839890
121509589
131230252
143003449
128667626
130533497
11415636
116535575
131589369
116803534
144031251
111585832
127952843
135128091
120275888
139269553
146947834
123429389
148387932
120452071
138008923
124189012
149494955
113767180
23505604
137702639
129411979
148745940
124968404
118377640
119442054
118264042
28638747
134345439
118178927
117324717
125025166
147330067
115114127
21678702
115622448
127432291
110978897
142244291
34007625
121301204
17100607
60819757
145970475
116437801
116107663
142190186
148690392
120201189
128318192
138960576
142217252
122293992
84863260
115527257
120144789
17567324
120786461
139129191
120275134
147641165
146155060
113335261
143073949
117864006
132019274
144182615
30701293
83586295
115378301
132892837
111723168
25810720
128004663
104884866
111380249
145847323
117302677
52994131
130096577
146441268
131854469
115145690
119269091
30565559
136964950
136536566
126071162
134455185
128214934
142683998
76708664
120567005
105761726
75862322
118526138
149153375
120034873
143088995
113882725
140000224
144976507
145150953
142001825
119944790
146208989
127339046
131889650
148507769
114266323
137505270
58760400
113143457
143064620
112734135
127079778
140872940
112802688
12519960
116431979
39298389
117890160
116108967
109844904
129122631
112992112
80625891
132790901
135880143
115680652
129468273
124318425
121666783
101734344
118843777
147193252
121636015
136599572
123174345
143895601
87651595
112926561
138158181
136290622
134865928
117643260
25276524
119166204
138840414
146005465
113934613
142875727
146038911
61778376
65028318
136115107
132904296
114303572
111209672
128712094
147469721
113381834
116286853
120686326
76908131
99157566
125491640
56748571
119639771
132833524
115268938
149660850
144604275
115972619
138912410
131230844
138678397
136732146
144931185
117484578
127502950
149731766
79512667
133035189
147763961
121823257
140333446
142672326
125556230
140584100
124101371
129333578
39383182
118725175
116319580
17433715
127272176
111642632
25485607
117201082
92864191
65313327
121893682
133347734
33753118
149914805
143628602
116512639
129773969
110641384
96448733
126208009
134798730
143600751
116071187
147687536
110483968
138022249
146938495
131494004
136739526
40641952
133219179
141920522
146345371
42340189
105194120
92988576
144981282
123035445
144800031
146424066
120547204
73324117
115261173
52554332
132252379
137746898
149749723
114914995
57392006
127818452
149104508
127386334
128784328
117928584
112893794
132682921
137603696
138644573
147012629
110367603
118129543
116603148
77632791
15608441
137232286
147528197
133191329
148719194
119979225
131271758
122475283
130995590
120646843
123006799
128099829
79056488
115600895
133015711
126876886
148283765
134523988
136650784
124574988
112640950
66707077
43681413
130389439
17041506
39321885
143452678
132777128
89707674
12802158
122448774
111722556
36627758
127383045
141486647
136666572
124437687
118549050
140516927
130903182
114796753
147581983
118218441
124596491
78043974
144831856
125587434
129379938
57869916
113258273
117175851
139609669
112375728
113644393
114356544
115235688
110585954
122173691
142748893
138837897
22346844
146040600
60810430
148349473
143716202
120088398
42290332
117475020
132332541
122722951
59627050
128113050
120301235
148382715
139138593
137348507
145507575
110279155
136780291
133605718
88993150
123996305
121777108
133035492
116893161
114581207
148120636
18194159
126819156
43607841
34021598
139646853
86638984
128807299
28944252
130063005
125627563
129883085
29380136
129750358
134331523
129672334
115969076
132564846
139911501
18592308
117293512
117862850
142577884
139408450
113508714
146229408
70851150
114742099
116224224
141228752
139846456
59917302
122423888
148373417
137242248
135676607
111065026
134187029
117758471
17282485
124035346
115078770
142615386
128351526
137578748
143703311
145342393
125712648
136658268
137265472
115147459
88097463
120408023
140160861
124083686
138449444
126121946
148664041
139332807
131418080
145679700
123322861
120104960
119756838
148862819
132718155
126612701
143635921
133623040
138734840
111850837
112175619
128989402
76207049
126355492
128577088
142318144
107065177
126562583
126835661
128719067
117439575
141127787
144200442
43094058
89993095
139121892
111065003
111388627
122325372
134082073
138654480
112911224
129117880
112989974
128060284
146369079
128813156
117506960
123089708
128992687
16557266
133908639
128569920
133641076
116439044
38000975
120576006
119120455
146055157
132602097
131316762
120787359
144828131
68189182
123832720
127708069
122939570
148485395
138899654
112953137
26804731
111221383
62928119
144961824
114435600
21808510
135234482
111868739
136380459
134234158
116228947
119707229
127450503
148173373
139257348
124557584
107779752
83870137
115239901
118471881
149351179
102222220
96103157
36042322
129619352
145956285
119198483
144666837
87815630
130249177
83722352
148404876
149310218
111459222
131129096
103369789
127422715
112658663
135525499
142425383
112508126
113847696
144017023
138745224
149364467
117309900
125905100
130793348
148317520
134588606
114100131
118371992
72898551
121031264
126491550
62728220
123251644
123229418
121242791
147237050
118827153
121263263
124935110
114249993
140545004
75136332
149698510
115008147
139762755
140436851
113170898
145766619
111671694
92044737
110188312
120860772
29644478
88729196
121217184
132284842
114504159
117860772
110871524
124083885
148625600
144538497
131456284
116549967
120119470
127722385
130153735
122930318
110519919
49740329
118537552
121863666
106843829
135233088
115224302
25480892
135436887
113957335
119048736
123453979
139288190
107460212
139118330
110409861
132340940
135792212
111903367
120163245
36234254
119247783
125841426
132156576
138265649
121471609
124197376
140105482
115886927
132462817
138211669
117826335
98250454
113996678
145637843
128260593
149944818
146601779
113206465
147837141
145838353
128795768
135313626
118970100
115287701
107459974
112951019
116228088
148668066
114403944
124958307
126540252
117562153
20538138
123994832
33946020
127311617
117422242
126227870
127341648
112607783
133355886
110732926
18019391
133992770
148565339
22911149
23599792
121438060
140236532
141723994
143675473
115070204
83496034
44093498
122680527
125122662
136392817
120436736
130832071
98773139
113764704
126746783
118656801
119400383
126304990
137602971
124439982
112444704
135362069
139088747
139922639
120425032
132140180
138351616
149757275
20216733
122734270
13156176
131627617
115059965
133697662
114677373
133974676
129228917
115819242
115506709
142743865
137479543
131803438
141541459
139349962
141784597
121706574
107403027
72993634
143474723
114148279
112075320
91683776
110575826
131366132
22077675
115432008
135626090
147906904
112966912
120302485
142212734
128506901
138714489
108881025
144589319
85222302
140723461
125372096
28722576
45066958
147690577
129858749
120424539
112892982
129814603
113945478
81510172
16759800
132969604
140525373
131695340
137544015
145243010
142019626
145778010
148963291
142193847
135030131
129015223
147155950
139202322
118876201
58244265
121865950
110161552
127464455
118606248
139415594
111843410
143076794
104785070
122722928
88883170
143717425
131370556
143991323
127933929
128379346
118780784
114092351
100389508
123309715
66875507
143569283
142326899
142219035
126687999
113526518
128422046
29433943
123667849
145278331
11231523
83605700
135686400
139587397
73693101
138972527
128256589
125795129
144776174
149405593
79727601
144952608
124228109
35777097
120603021
141270840
127042755
126599634
143492721
64440355
124523141
122960038
113434823
130724416
133880947
131135354
139696594
142571980
142330817
103027991
148110222
145243695
129841508
117248570
136935617
147908533
131308180
143503652
125757555
112369966
110271694
141183424
39971948
127577221
147857963
146979861
130309928
116527280
114594277
123580308
123123614
127017749
133363732
125737425
132003073
139611074
128873314
138782818
118363971
128444974
118211176
134930445
73459310
57164387
116953651
139561639
127386555
121671099
133311633
89885658
142576838
133246599
112002539
134690287
114767389
132249137
123365875
141883994
138008432
139224461
145281337
126094387
98439347
124753445
145765722
130198134
114610487
144798788
112207013
117415268
54033617
142295246
135652200
140382598
72498470
137993145
133150323
109703752
112438069
136451935
46464330
134831424
93625777
70579001
136778085
116338780
26495066
125001679
118731303
135348811
115973031
140564243
30913719
114659144
113468437
132063028
141618753
114817216
125844257
114417859
123174153
129794407
143324741
118927763
14894870
146748028
121465551
122471747
140850867
119070922
142363405
147705586
55528965
112080330
142106591
112740736
99345776
139085333
122833347
125844210
137371531
37177484
113315234
12232567
143979098
114457546
146826333
148681199
142386008
138555303
79344920
121910459
118200144
138287034
146611219
144554947
116781029
119080041
147748513
141771162
121104517
141891547
148736610
124370709
128178786
138820235
123335207
128422004
142734518
125075451
129520710
129189181
121826247
143450071
142164608
137542695
137859002
120356504
140698621
125751080
142106258
145928287
137065010
138603228
143122213
119028792
113506603
145871043
116347007
139469111
110060828
132448491
80388569
131571966
129800324
104387971
125138367
124686561
124595907
131481584
138330123
31200883
128788215
143471589
131402154
145923531
137656067
144113147
147839435
115283484
18192192
114269320
133455735
145736964
114400311
127474702
133706352
110860767
77191650
58489965
67484061
120428452
20867568
110412845
125699657
130900947
148990187
125115796
128928593
80818739
116219552
90450738
143915632
132393588
127410071
114337760
85458964
147884417
132419820
123504608
116150876
144541164
119278344
125094199
113111107
22552014
112540291
114319448
119985935
119834387
121078864
138051455
144803264
74738974
147100562
115658518
145360729
145537926
142099904
114186390
129859292
147802357
126910626
125142723
138081100
128368577
149842563
145913066
121478550
129055915
112909210
124792356
113291073
120089980
145403572
142858952
22626580
115130337
145414406
71518871
77677057
133097382
128467726
139521240
129473625
116044202
120687467
124717081
117548576
141660458
107617588
132344314
135518601
131426309
137945765
126773164
142424630
121069401
126669047
144580378
146650089
116781038
127776249
114289497
143722810
133860445
115651312
136865217
112556235
123800398
121971301
83697661
148565866
125712600
114976572
148016289
128078086
140563985
110934555
117919912
140063034
140241470
140156283
137246276
118022187
127562274
84245191
110726199
148899887
114327792
142422776
120526306
121275167
124129977
149693283
55714633
135518646
114772556
130184425
122592922
134856634
115778388
132224070
59067570
130324017
127561986
142885534
127802999
99766401
84910749
128938837
147515094
141086107
129716419
124779621
142931837
37940823
118815623
145716791
148877319
141807734
149772389
114600426
142502044
110236632
149613756
129816935
118279695
63665688
138174926
140303459
144335585
114499688
116342258
130964224
133315948
121192244
113515474
146604272
122518148
133257571
149352025
127042651
136009729
148967582
113078727
140221435
146588937
114783069
127964443
122003231
115179283
100666622
120799710
30866832
134156244
115887522
117494495
116244535
72650597
112717242
114288868
149466813
135159720
116087655
124819529
136558504
138406612
146939310
140111220
133628374
148931797
131130443
77885542
113369943
129874180
123315050
73954908
122228984
138056600
116922059
134100827
143193500
130897650
123686211
76231988
117987175
52818690
111999119
120694699
15808927
88494882
115642829
147565026
115016888
54829172
142210783
93469566
126244702
124294948
110284979
138939661
126482664
123922406
111415305
115890578
122466633
116032694
140290987
137071305
111565162
135745653
135468825
133198772
148970441
147056801
146928147
146473386
116201968
133359610
129585674
134990326
147481481
106096183
149286794
134196921
130707052
143105776
122850355
134256437
95771439
135785731
117097027
141428013
143365521
113920325
17425414
20660309
125685008
138924914
136459485
133585699
114985056
53088397
116169470
117229083
123624479
132548169
137607950
114172131
143963542
147493024
135331704
127622028
128184222
61083204
136103846
138580013
17440268
113100149
121903768
138417541
104146412
149843410
58965280
116190340
110535132
138967327
103549862
128039868
134813974
130375607
140870389
140874419
146169308
22406010
138123233
134335995
126911530
80048300
128292340
117663348
127900491
141329868
114916373
112948080
147716837
141975487
134714340
146711678
127415023
128641174
110495397
149432546
130601908
112577925
103375150
149467017
135857304
125013979
22696797
149853767
117893961
123304618
115130650
119209209
112192429
144435525
141897511
129448275
111237619
145128408
115659403
112221351
133363530
129100924
61321408
115341993
129656978
113631634
133986812
130412899
123035769
123407441
142016799
124827110
41275291
34106216
109602946
117663140
145461136
138337698
28862036
118051775
133556312
114849744
94126987
72677007
136658225
110266012
31421154
115296573
126896441
105317351
145681079
133206068
139164736
124807939
118120536
117580402
121030969
62830280
116354962
126232295
143716790
122129558
127047104
147624463
114046027
107920417
132345259
140938678
135501246
117725350
135644618
133547055
112964352
128327656
39998790
48400170
137695592
112475454
147612238
140698677
120669336
118698170
135156395
139986262
55368850
110541426
146001038
115306364
86715835
