distinct_id
132648579
128425023
118536368
22333942
116536674
148034551
135009982
117472040
111837277
127997513
103652888
117680642
141996531
131697839
139485666
106574813
129783826
126684426
27836739
58149050
145849077
141541450
124225013
147802709
120536241
131530870
123765795
149026499
22917990
123628227
116219516
130118839
140081365
58922571
111175977
117939508
133270481
133143567
36054825
119703324
112322167
128607750
148862967
120681002
110565321
145639949
143447527
138829278
118061570
148732476
89343445
95768058
140656286
94166117
111792027
148179019
145789433
149968524
142339311
116601753
115261406
133903307
144756555
128336818
145241109
143094814
125471556
118064256
121123522
112815234
146645707
26042318
72492139
129137386
47488308
138247036
148717928
122423768
135427563
122770928
118053321
130715949
124412806
119383103
120252166
47575404
40435767
132381169
146722515
141532689
79790052
111522828
57994308
110176088
114014267
141568273
133939756
119148111
132173636
49139882
149492250
73079871
140874443
43613242
120260888
129510986
128323337
130697539
63052124
139564257
76203874
125898107
147996160
143790919
139483991
79292100
144277902
144573227
129059674
126657326
126844714
125660146
106787399
129319210
136452469
111074282
141081925
145239682
110040404
16179640
142376570
134736605
120180144
31734756
118123352
113079762
142215740
112735458
110987247
135144380
148959893
111497097
17636687
110894302
53904475
120994618
131097226
128926097
124338120
145003068
118439242
18888031
11467643
10755375
119678269
110638353
134437706
146878509
125255260
100397003
112255478
127880543
149611383
145814683
118553248
44459026
84646126
135475511
14455699
114868666
80186954
130194109
148832716
131216896
120348740
140538113
140548145
115915990
29991598
139867013
125707785
114642315
138859983
81386444
116868477
116750097
123650350
124541327
125493404
41306277
129989289
135649798
143321255
68848634
134711986
144479358
132759419
118567971
111319386
124800673
118135892
148074608
132525341
146296281
128600441
147544000
69172074
115156272
25695017
51070574
25775070
140961296
35459620
22636859
126671270
110993680
137643731
124253856
88851589
75407971
118985572
124337265
122339278
133696829
146220810
136729694
118446844
127589892
129765647
118067882
126760751
135962114
143185091
34271806
135143490
137571924
123599723
137126310
133512589
139042892
122978610
112223751
136046461
132078581
112951044
131471883
139688808
132534512
44851414
53909316
27020831
78158726
96843780
127694357
134512052
18364711
114473064
81016730
137970587
122835557
125116204
123050198
142127561
81485525
142526476
129031743
59526841
144457389
10238396
126417956
145245662
123334419
140840151
125729803
135619280
130724674
121865617
140119054
52859855
149128049
140644684
144150299
43797791
25352696
120195540
113229467
122333155
111407348
20863267
141517482
136745653
129359311
125866767
128402097
126580716
138657125
99228353
142281778
136672515
136150308
103949194
141592997
13042119
78872737
113675239
142375543
116044256
149590797
33156135
125415698
148033884
28355392
128126959
145354464
128046291
149628429
133485286
58878859
125179307
148082432
85101657
116279557
134760538
146663126
124651334
121868392
109151829
133766827
40975196
131382950
143284286
141216970
120919370
49928752
144424959
138066271
53183452
34170980
113418859
20278536
146614201
123492642
28721594
81808781
127714620
78832820
126507486
20668505
122958836
136258834
142453307
69073699
142985124
148409878
115385055
65419155
137615595
122342325
73707387
142016780
109902582
120016319
127044517
142300332
146654970
68415702
119634801
16108176
148016233
149802144
39217016
137863766
149226499
142767746
141123967
120470278
120867680
137273385
28375199
131183067
123979355
85456441
106033082
142222824
129170693
114039061
116209473
125743160
55405715
146710580
65271791
142791467
109554525
52951140
110892149
138993374
130198270
126305126
146249869
127807983
54862193
122716182
149085174
116998861
144746964
118153758
138346798
26121889
116087200
126891724
147688777
117005598
110998227
90629250
140731358
117539863
138385626
135132837
127051637
107380873
119482899
147233340
71379985
12032425
128889125
142315755
137283669
102001374
145502519
126271290
131349699
148278174
135243976
138849349
127112056
126562337
142884530
129616093
141237527
141886215
118513399
90011706
149184669
113549455
131122929
117790661
148316552
114559737
123434369
52928762
139000618
120065669
78415097
116947190
134575829
146149513
139435449
141137893
122143468
128729956
112022365
86412402
113525051
31514633
119409500
144557295
125539403
143753873
147068527
145974352
11856925
104936759
113972597
133671448
114803036
110138294
135103266
140239708
68262693
118671331
85792798
112722279
124858710
148025033
83484129
138245420
146976326
133053184
33075840
48366570
147313865
114356419
115438879
86040309
54684447
76552930
147888612
70171367
149316156
148349448
147853172
136270224
145838359
124895395
76083236
118550185
116980165
120113306
12591302
133213408
111821643
118334587
135468482
134438826
120735610
110787276
67922161
56713155
63612119
139832189
127802957
145586437
41348206
119875970
122698581
123815556
139435487
111864033
17686944
118303566
145659878
118805545
