distinct_id
54479722
74937797
35589892
87195353
128111982
33577397
39876830
40828032
36739033
53965758
85349524
87209702
131782686
100507991
64077122
85637322
126671721
69210578
130822927
51901945
24405118
76959765
58933004
55194226
22363033
30371906
36427434
62072557
93378993
25403534
95839352
107882129
126421796
98712791
38016082
94379424
100932260
93899727
11229248
135666797
95560344
79280517
80852827
69819179
59671063
28101180
141344694
50751668
80750557
18630842
108712043
122710679
59814532
26402481
103636069
45579613
82439536
79612560
50162019
98248280
15003705
138953464
62243541
26598696
80790679
44868166
78963219
135298585
33379893
34621620
22386892
62854072
16367695
96407329
10614686
95321191
106473825
127014727
43819157
88051743
119223366
83686069
79592476
117965441
73125152
58080776
87888572
51724976
23958098
97116821
22892093
26078589
25916177
21925368
40998588
54753900
128066583
143672691
51487873
74983227
103404567
71071400
50423339
55165780
101176784
33050867
23200655
82741489
98841619
96851072
66054219
103028810
117167811
68744433
17389544
93136954
117968561
87090201
119239904
94194973
57651869
